1.998161485024319839e-01
1.960895452036396924e-01
1.913046480694027551e-01
1.884982984739080047e-01
1.859807491807795310e-01
1.831014690066673778e-01
1.813004420021853413e-01
1.790470120768929696e-01
1.772199023978948962e-01
1.760983819682103435e-01
1.742789020047189052e-01
1.728855037886739276e-01
1.711810971624073696e-01
1.702652220531019056e-01
1.688757202497941645e-01
1.685788370796846569e-01
1.682923598970749446e-01
1.669230499844463478e-01
1.665397533600619928e-01
1.661551876754354951e-01
1.648506979878732182e-01
1.638080695194374381e-01
1.631759558742264804e-01
1.629137026050112846e-01
1.634224256937336361e-01
1.626477191942473643e-01
1.616340580435064456e-01
1.610866353584378963e-01
1.603751465320923386e-01
1.596998145102539457e-01
1.592320534203867377e-01
1.589765104145056673e-01
1.585910242939604919e-01
1.580018084613432072e-01
1.580774193729635457e-01
1.577279665433090616e-01
1.575753061668801469e-01
1.580869750095149351e-01
1.578235533864986717e-01
1.583979873093096236e-01
1.585905678472280811e-01
1.579307164864410806e-01
1.578366923347612472e-01
1.580487561919607653e-01
1.576634665573057315e-01
1.579075028257364843e-01
1.569508314636220980e-01
1.571298202029800806e-01
1.572541707327117233e-01
1.575012231257260087e-01
1.572308617814088261e-01
1.558980161526474228e-01
1.563782116757444218e-01
1.558769076156285571e-01
1.559424212858128433e-01
1.563551927491110549e-01
1.559018876703342493e-01
1.559566426866747235e-01
1.561784797060270513e-01
1.563529895481558796e-01
1.560805669344585422e-01
1.552734530099683374e-01
1.549106445672852606e-01
1.548044612001363562e-01
1.555400711504262568e-01
1.552890712411769125e-01
1.557645922445710374e-01
1.560081857159391905e-01
1.553774892929456752e-01
1.552446576900508857e-01
1.562867372598658877e-01
1.565218807318002614e-01
1.565108198220977187e-01
1.567825411374823841e-01
1.558890637125014689e-01
1.551341576865433447e-01
1.556364860922528071e-01
1.553307629824451641e-01
1.555891257231633573e-01
1.561924758968708249e-01
1.554327693824580636e-01
1.547965163938578304e-01
1.544585647190887812e-01
1.541065548350009640e-01
1.541349518120809503e-01
1.542134952091496758e-01
1.537167702205347319e-01
1.536943013954701343e-01
1.537558917722564866e-01
1.543520623855094975e-01
1.538146022319541173e-01
1.542982958156964846e-01
1.540415743619359401e-01
1.536274382953119189e-01
1.536735964776151930e-01
1.533380438104800236e-01
1.535006936260175647e-01
1.536138049360071534e-01
1.535163702907937078e-01
1.539208594955740472e-01
1.538752659312473681e-01
1.544655022666710786e-01
1.540897483762610209e-01
1.541154853114726497e-01
1.545064996465861373e-01
1.543035026937946974e-01
1.541322079931138067e-01
1.539455426578569264e-01
1.537460473471302658e-01
1.539766767452502016e-01
1.539199358225818437e-01
1.539975948239810377e-01
1.543660668703336625e-01
1.543610442064072552e-01
1.543884990330586793e-01
1.538031184957174280e-01
1.543523856299789110e-01
1.541508004691196643e-01
1.545788885678773539e-01
1.542878388919035060e-01
1.531668334405433818e-01
1.533639833815350073e-01
1.538382258109291245e-01
1.533951400921410857e-01
1.537084182259113585e-01
1.537030358561560506e-01
1.539218465321651463e-01
1.541464869212860467e-01
1.543737934543529811e-01
1.543045106014249435e-01
1.537741679827139551e-01
1.541075258334101417e-01
1.543625839697348179e-01
1.544284248242071833e-01
1.542063873107124283e-01
1.544002248059959947e-01
1.544757055535019852e-01
1.546258288317672314e-01
1.558678392158515946e-01
1.558303507064086046e-01
1.556173845674963530e-01
1.558172858170679131e-01
1.558469567589971239e-01
1.559580664128659422e-01
1.564659481379731543e-01
1.567662092153743469e-01
1.555867602138297223e-01
1.552755621560255039e-01
1.551466369438934123e-01
1.545919699195326402e-01
1.550059316871883197e-01
1.550557855852694733e-01
1.546445286495106430e-01
1.543076928775879708e-01
1.544702537492413652e-01
1.541997199512595285e-01
1.541001943914631911e-01
1.540326889518287001e-01
1.549840461879638531e-01
1.553801821166132802e-01
1.552052665563824485e-01
1.551200782265399480e-01
1.541660287043301047e-01
1.542049644621343030e-01
1.542110776549225626e-01
1.543391924129044190e-01
1.543204946670793110e-01
1.538929802612548636e-01
1.545615442251203620e-01
1.539922927681099951e-01
1.539090056007008933e-01
1.548515141068024237e-01
1.555460707490377847e-01
1.544959717531687038e-01
1.553636975178491197e-01
1.555263220665847879e-01
1.540149373631810314e-01
1.536026062151184257e-01
1.541208391423010693e-01
1.543759096769589112e-01
1.543641865844913585e-01
1.545855618665092079e-01
1.540912901910958255e-01
1.546464216863657204e-01
1.550765010295971358e-01
1.552050545054129982e-01
1.550758258737866546e-01
1.547263324780935312e-01
1.545655402810885148e-01
1.549168539665130573e-01
1.549057483767905252e-01
1.539415008737987922e-01
1.537041321188862275e-01
1.538259615859824403e-01
1.531089274350018181e-01
1.535051099422657661e-01
1.535800715164503671e-01
1.536658113968482897e-01
1.543219044156175224e-01
1.537148898397524277e-01
1.535167310769376958e-01
1.530880228561771195e-01
1.530421118757525623e-01
1.533069399945227174e-01
1.534724528220027806e-01
1.538123463107163025e-01
1.537303652116650543e-01
1.535082313174635227e-01
1.539049551500910051e-01
1.535817166908378939e-01
1.535845248594938650e-01
1.536421154173248926e-01
1.535898231397532787e-01
1.539268599549635519e-01
1.536423923608627451e-01
1.534769230562089137e-01
1.542990450185602047e-01
1.542252996448807978e-01
1.539351234931981838e-01
1.539039515507982514e-01
1.542041411744191626e-01
1.538691710373872312e-01
1.537507477116309695e-01
1.539827214681565304e-01
1.536899776633504910e-01
1.540425941729949844e-01
1.536807190068031903e-01
1.540235356132072797e-01
1.537752772153008485e-01
1.537273022309599557e-01
1.532854318262612259e-01
1.537378711602911951e-01
1.537193316823122768e-01
1.534949618788080949e-01
1.535177190892361987e-01
1.531122121159427807e-01
1.529266633427955047e-01
1.532068233907600552e-01
1.532747453163624540e-01
1.525575898363983884e-01
1.532917754488936357e-01
1.530284080766305121e-01
1.529933247413367559e-01
1.525711495582300903e-01
1.520393055928280501e-01
1.528556441501373597e-01
1.525692072294397017e-01
1.527749828329526549e-01
1.517122372459065727e-01
1.527228565898332002e-01
1.518919559378242856e-01
1.519953896277973504e-01
1.522582626933292327e-01
1.518017116384849097e-01
1.523857511722385982e-01
1.524183369669764587e-01
1.526925727524257870e-01
1.524899173054726775e-01
1.528992239299410694e-01
1.524863055414092394e-01
1.527470297363723861e-01
1.525841743354597602e-01
1.526262187039140183e-01
1.526772492058061370e-01
1.531102195522341947e-01
1.537226790014232514e-01
1.537707342479041062e-01
1.533799712954312389e-01
1.536508170840626131e-01
1.534386544644773809e-01
1.532106841091688820e-01
1.538401292025209921e-01
1.538260066008057536e-01
1.540382067064347549e-01
1.541253237072110760e-01
1.542450848518849282e-01
1.538763440283266171e-01
1.546905197146612454e-01
1.542305799124391308e-01
1.545191375221356689e-01
1.540280737318729387e-01
1.533994326010958698e-01
1.536628088204800291e-01
1.539639714089813538e-01
1.547210786338329980e-01
1.542581840356974099e-01
1.539673068801129252e-01
1.536895998949904807e-01
1.543698539688371785e-01
1.536420137157680776e-01
1.535383101417800988e-01
1.538024850733334392e-01
1.541678072188264748e-01
1.539022680847336177e-01
1.543385188052890378e-01
1.547116222379945616e-01
1.546712566188394589e-01
1.551123442998313395e-01
1.547641925003131469e-01
1.551002564619362589e-01
1.551797207580412341e-01
1.545231062367562747e-01
1.540050996918008730e-01
1.535321508575553107e-01
1.533555111422995609e-01
1.534080226743486652e-01
1.534519100786167767e-01
1.534844392144905645e-01
1.537540370913110521e-01
1.534119724647552696e-01
1.538979246245084087e-01
1.539649590649866395e-01
1.539942673024448094e-01
1.545099914919537409e-01
1.538625153988839034e-01
1.541577898771466504e-01
1.537524827420568008e-01
1.533041199329528703e-01
1.533309643660645538e-01
1.535559477432744124e-01
1.529153807440268020e-01
1.527832619481386545e-01
1.537888896634004854e-01
1.531300464102489101e-01
1.526818400529669773e-01
1.535533032514010687e-01
1.543063833547426711e-01
1.540454850241753659e-01
1.536637062079158345e-01
1.539210535363774446e-01
1.533867491001794370e-01
1.535288083672311232e-01
1.532879054095309945e-01
1.531777428278603692e-01
1.532132757747006191e-01
1.533772112186307934e-01
1.530103082473013854e-01
1.525847651205605449e-01
1.521473363351950603e-01
1.531533767580955663e-01
1.526102614345283270e-01
1.526318207168277097e-01
1.526987305200869227e-01
1.525644869157303796e-01
1.525430152402552919e-01
1.530357423650645365e-01
1.534707969576062370e-01
1.536065907976267575e-01
1.532233274932530420e-01
1.534085274896904161e-01
1.535432714877591198e-01
1.537658709754675668e-01
1.543591681619760902e-01
1.544152337170486278e-01
1.543940739915732607e-01
1.542690601981388798e-01
1.546513040267672445e-01
1.545459157700337094e-01
1.538528946056139379e-01
1.539277465563496927e-01
1.541378503320257609e-01
1.538348511455736589e-01
1.535029182817449489e-01
1.534958459678784914e-01
1.531212406783896973e-01
1.541761334527024518e-01
1.534741780974770708e-01
1.536418187091738718e-01
1.529475367708142408e-01
1.533891016081439795e-01
1.531669533657098459e-01
1.534379049449840215e-01
1.527444193815418183e-01
1.523952384254065873e-01
1.526980180582783730e-01
1.532852800918048375e-01
1.531964541286464643e-01
1.533178583000420203e-01
1.532053792208593057e-01
1.529684829376605215e-01
1.533734879713994081e-01
1.535616822163633488e-01
1.528064976569167288e-01
1.525769056260063705e-01
1.527796899247544082e-01
1.529112516392431287e-01
1.537669617823893553e-01
1.542965169274111426e-01
1.545527413569088571e-01
1.541976624654669004e-01
1.540739291039550929e-01
1.547401210051142229e-01
1.549738765955981645e-01
1.546677664011126274e-01
1.543524923646405478e-01
1.541511252257957154e-01
1.543416727740259675e-01
1.539703121455523183e-01
1.542740956725523471e-01
1.534701200356839157e-01
1.532763784070222957e-01
1.529819303338053604e-01
1.527662861016925167e-01
1.527097697144955135e-01
1.533350061609335957e-01
1.534374816876891701e-01
1.534281433324224397e-01
1.531572318049443382e-01
1.528038441781586765e-01
1.527142360327366499e-01
1.520173801361827115e-01
1.531426962164008365e-01
1.541220561212743867e-01
1.538428088578108754e-01
1.538041840382604053e-01
1.539870658580914931e-01
1.542154843130220665e-01
1.538970215703208966e-01
1.536430953547991141e-01
1.542669669210785521e-01
1.546510397090134770e-01
1.548175349811938550e-01
1.541557332762690247e-01
1.545546546031460466e-01
1.544106931380752890e-01
1.543456305229469194e-01
1.546073234360520188e-01
1.548187368768471905e-01
1.542832029867906296e-01
1.544460356278483382e-01
1.541531993026900027e-01
1.539325336528993560e-01
1.553561935202718014e-01
1.554637900247038407e-01
1.549275626295985586e-01
1.548007893790057377e-01
1.543111837003630082e-01
1.534407820786551913e-01
1.530945707278229817e-01
1.532618207268608423e-01
1.532758079160277398e-01
1.536665662536594590e-01
1.539970855262988436e-01
1.540157034712879569e-01
1.541155833924797991e-01
1.541960578706134677e-01
1.544836898992465180e-01
1.546455719445868626e-01
1.548088784635724136e-01
1.545855226362488899e-01
1.548317217343676000e-01
1.546477038095096790e-01
1.542758809415648302e-01
1.542961794527224484e-01
1.542180644966641978e-01
1.539853249743318164e-01
1.547409470592422398e-01
1.547748721385837634e-01
1.546636616076847159e-01
1.540100104197846542e-01
1.543714685860378133e-01
1.544571772220405259e-01
1.537677758885034329e-01
1.532714890449887735e-01
1.538253191274924214e-01
1.533764255913910024e-01
1.537311844788379345e-01
1.542003720213958595e-01
1.539926803645952358e-01
1.539253226638639394e-01
1.541104333676960869e-01
1.533109133538935187e-01
1.541521287064552548e-01
1.541694320328268475e-01
1.546642503738571706e-01
1.543597898608236041e-01
1.545924913088507491e-01
1.554158363127080278e-01
1.544563869495119979e-01
1.540011618348941513e-01
1.546035737359335305e-01
1.544830680936435108e-01
1.543757301043526264e-01
1.542416992248989427e-01
1.537868398018153171e-01
1.535236601447661775e-01
1.530032914520330356e-01
1.533544951509335230e-01
1.537577345788348482e-01
1.533598910597234743e-01
1.536803095454175316e-01
1.534887581128135392e-01
1.536859323840991109e-01
1.537524376783770963e-01
1.531428591614096280e-01
1.526516229123642265e-01
1.528402831030922226e-01
1.530138855179285495e-01
1.537354039455121058e-01
1.549498580494099165e-01
1.548863336449623485e-01
1.545797375862233702e-01
1.545115123734833729e-01
1.555135912422546396e-01
1.553785179049340104e-01
1.546207070064700151e-01
1.542728589354701862e-01
1.543259441021209710e-01
1.544322662878047370e-01
1.541499717274332215e-01
1.539238355531201141e-01
1.541888938016849897e-01
1.547245123609211903e-01
1.544403261459827148e-01
1.539768104239283841e-01
1.540340269660260275e-01
1.535392906426481241e-01
1.532179769250676948e-01
1.536305338087209371e-01
1.538185747562376415e-01
1.542009741110149379e-01
1.533756531161762082e-01
1.536162319475470883e-01
1.536093291149635831e-01
1.535296554065339325e-01
1.527911574395759142e-01
1.529080147710315807e-01
1.526047835967215272e-01
1.526604526493243186e-01
1.522722845557873961e-01
1.525334097690279056e-01
1.526093783129956472e-01
1.531511706638369330e-01
1.530927395713530259e-01
1.530102465367212394e-01
1.535178969989223763e-01
1.534584451062100396e-01
1.537513070978767382e-01
1.537463685619431808e-01
1.541562537824341106e-01
1.536162496461854765e-01
1.535650566761139202e-01
1.539055395861661790e-01
1.531050917817370627e-01
1.536180864316468164e-01
1.528250039379355774e-01
1.531721749431235458e-01
1.528355284934312941e-01
1.531821443248387038e-01
1.528934040088063828e-01
1.524284763616340355e-01
1.531594365581187278e-01
1.534709614704768410e-01
1.530757728895142944e-01
1.537020028962891860e-01
1.535285768147111596e-01
1.531234025694563350e-01
1.526632300356534078e-01
1.523540634024746487e-01
1.520668365827208268e-01
1.518751661710279199e-01
1.520429952411817831e-01
1.515573788410372047e-01
1.515334252147544358e-01
1.522236382563460222e-01
1.521946456015007831e-01
1.520489910347641860e-01
1.523276517429384136e-01
1.522499644280253250e-01
1.534158657076400145e-01
1.532608156517722420e-01
1.531370158369226020e-01
1.538556841775561290e-01
1.536664572590255573e-01
1.533134567515466451e-01
1.535013039218347530e-01
1.535443096525508921e-01
1.537110063300090035e-01
1.541246598660762079e-01
1.538147620986928255e-01
1.535318587064580242e-01
1.530836292699156997e-01
1.526926896672375633e-01
1.528781982091848568e-01
1.529895353439846839e-01
1.532510651965726389e-01
1.530600914902048582e-01
1.529824399705877747e-01
1.534783685944080545e-01
1.531278431031098397e-01
1.531767523533583142e-01
1.535529143884608316e-01
1.529899059159803010e-01
1.532646438231969610e-01
1.536088612650134133e-01
1.534050618190828663e-01
1.531645145578967027e-01
1.531727473380702365e-01
1.542087702755493284e-01
1.542609902336405658e-01
1.542299928112398355e-01
1.534658023241817215e-01
1.533887778565151960e-01
1.525774921175630794e-01
1.522946779176337362e-01
1.528846086503876933e-01
1.533317383502121045e-01
1.536561007840765436e-01
1.529805763887731596e-01
1.529851593589394154e-01
1.534426337975579036e-01
1.534763998483835989e-01
1.536993841175375852e-01
1.534394486616340036e-01
1.534534718161528755e-01
1.535979489680776300e-01
1.538057738755121140e-01
1.539232625192342441e-01
1.533268686632585642e-01
1.531781608706107023e-01
1.534564849474298331e-01
1.532659277796210862e-01
1.532692945295303921e-01
1.534217984401597679e-01
1.536587303661651749e-01
1.535784356901864767e-01
1.539996659074444885e-01
1.536375521784120735e-01
1.545253788967584918e-01
1.545177438834027528e-01
1.543095532719793161e-01
1.546268410826284745e-01
1.547909271416736676e-01
1.544268303297177958e-01
1.546297999967627679e-01
1.542110119463939444e-01
1.539745275387640611e-01
1.542775249623108968e-01
1.551091751109707761e-01
1.539829851250723580e-01
1.530625247662632249e-01
1.526497454944711896e-01
1.530187339410128966e-01
1.525429344784331176e-01
1.529906349359974604e-01
1.531802199498892847e-01
1.530265619924641163e-01
1.527284050068781762e-01
1.524369606948713096e-01
1.526995323202216814e-01
1.533100575682583566e-01
1.535052881154586601e-01
1.536254792820310189e-01
1.534508257092270789e-01
1.537024016403873150e-01
1.536295390202909172e-01
1.538842911278263392e-01
1.540444252402162761e-01
1.544899358465295081e-01
1.546084157334667586e-01
1.541273828574327709e-01
1.538251127882452884e-01
1.544204979015454671e-01
1.546293984777802610e-01
1.545302906815604616e-01
1.547824049200115237e-01
1.546306145517482022e-01
1.550140833043509581e-01
1.550459929195425468e-01
1.544473185164976503e-01
1.546456925292139239e-01
1.541046072270587097e-01
1.543072733592036894e-01
1.544270173486363140e-01
1.548794990806318939e-01
1.540609691682834070e-01
1.543533592952597011e-01
1.544400311011530358e-01
1.543635461650948726e-01
1.548620606292725188e-01
1.547682287294508130e-01
1.546322359481140385e-01
1.541624208638870674e-01
1.540432902825319417e-01
1.542584177942014079e-01
1.539815970473573936e-01
1.534784698086577304e-01
1.536262057475811793e-01
1.535981100823137213e-01
1.534180808355554426e-01
1.539734906951044924e-01
1.537475211336837289e-01
1.539238621182363320e-01
1.535726965563511126e-01
1.527614306081833961e-01
1.532494555776454381e-01
1.528487010703830917e-01
1.527802852881953444e-01
1.526991604411837566e-01
1.530831775116446580e-01
1.533574797006076462e-01
1.533782566789953505e-01
1.539857404741562519e-01
1.542998436668167050e-01
1.540052635350033228e-01
1.532437701153299692e-01
1.528073991973578905e-01
1.531824495815189147e-01
1.529882422812417764e-01
1.525550665843310172e-01
1.527180152623662801e-01
1.532156843939427027e-01
1.535156225887651382e-01
1.531193957835941810e-01
1.536951224944255179e-01
1.536360708421631305e-01
1.540842665428265312e-01
1.537549102238049692e-01
1.534100471229021545e-01
1.536185161144553724e-01
1.532862894298109291e-01
1.532563174940428652e-01
1.530160619146532230e-01
1.531161338828372631e-01
1.532832019216880670e-01
1.539308894924700799e-01
1.537397138498255433e-01
1.538376916253031967e-01
1.546604768818600484e-01
1.541576037999395077e-01
1.541375519335257682e-01
1.545526870113296258e-01
1.544362141551723355e-01
1.541048141714879693e-01
1.540124108436168038e-01
1.543707537642951544e-01
1.543400396440551270e-01
1.540992727312680832e-01
1.535988827855296612e-01
1.532666692981654588e-01
1.532871774499231787e-01
1.535505601969887335e-01
1.539854414991723430e-01
1.535801493492528480e-01
1.535554477921005356e-01
1.538357040970878276e-01
1.545144232492619008e-01
1.539710772988923393e-01
1.536313853719797340e-01
1.540904932033739516e-01
1.540248136127345957e-01
1.541339046437381344e-01
1.539497756295847564e-01
1.539291667526285767e-01
1.538191902184177506e-01
1.536211738475457833e-01
1.533267500311929765e-01
1.534961932357925274e-01
1.536350714824113173e-01
1.532039512556627181e-01
1.534705651635077939e-01
1.540987410046230910e-01
1.543689710908753010e-01
1.539593110021594269e-01
1.534795219101156849e-01
1.534836252024452952e-01
1.530510848428119075e-01
1.531910542051178326e-01
1.527422848881232198e-01
1.530360641470428495e-01
1.522193681838258927e-01
1.517750610372641529e-01
1.521954555329731729e-01
1.525890733204110783e-01
1.527009433830198160e-01
1.522366556026636120e-01
1.528732774692789786e-01
1.529649906309648588e-01
1.531350998317184964e-01
1.532465800099932773e-01
1.536383081086526436e-01
1.539182894285900938e-01
1.537508448958224694e-01
1.537174803935272838e-01
1.539146958534090004e-01
1.538431468099418498e-01
1.544681341290513321e-01
1.546917181549800346e-01
1.550787772786866026e-01
1.547716566298996677e-01
1.541261798099312075e-01
1.551936267470302722e-01
1.543488447589918544e-01
1.544254506588545739e-01
1.541080997188108981e-01
1.545037538755353046e-01
1.544404862097282227e-01
1.542389819931282713e-01
1.540828289660672312e-01
1.543440074346685842e-01
1.549915503042434972e-01
1.559331856619060042e-01
1.556193438152429220e-01
1.551028415636211133e-01
1.545702744383248561e-01
1.543524956155936378e-01
1.541572573597075890e-01
1.540014092336285112e-01
1.538504265215164257e-01
1.540589361504217381e-01
1.537469498427546932e-01
1.539620948460335981e-01
1.539632892337014225e-01
1.542177641074425065e-01
1.538654073986958914e-01
1.538863938959700861e-01
1.541843077245153015e-01
1.543048055703830357e-01
1.537581765685535062e-01
1.534014277677227811e-01
1.539898270936241598e-01
1.532259379716622016e-01
1.527079874489162548e-01
1.529085129105991481e-01
1.530118880342624110e-01
1.526973114178494517e-01
1.525498296418777988e-01
1.533429039359841262e-01
1.535224274048150039e-01
1.532278858412404743e-01
1.534417520290493608e-01
1.532342391223090461e-01
1.532813088409707147e-01
1.535856108102738038e-01
1.531374501098674012e-01
1.530030185181066038e-01
1.532522000306614229e-01
1.527498984353900247e-01
1.534914816440386132e-01
1.532415171799930698e-01
1.525487538021428335e-01
1.535660515657072400e-01
1.537152644237077259e-01
1.538058176686938894e-01
1.541911200121062198e-01
1.547655846298784388e-01
1.554347717674584017e-01
1.549078334942352864e-01
1.538525268355530884e-01
1.535605611221450006e-01
1.535246844246787867e-01
1.537687104688795214e-01
1.535708254204987133e-01
1.539504310732982828e-01
1.548060305958089689e-01
1.545322281359439442e-01
1.543124485735512530e-01
1.542826281918881770e-01
1.537268600983902889e-01
1.543639813798579896e-01
1.540417461293598633e-01
1.547071999988531843e-01
1.546332702021913086e-01
1.547781458194975313e-01
1.546759802877022139e-01
1.532748095559693102e-01
1.532064920792954310e-01
1.530232494377631036e-01
1.536815448024472230e-01
1.537895741463921329e-01
1.531302470979279129e-01
1.536393996546759899e-01
1.535771526445066093e-01
1.534566653364352884e-01
1.532933226485546085e-01
1.532550803425699881e-01
1.533836718643638575e-01
1.527602945678964153e-01
1.531923685582681494e-01
1.530512471038112110e-01
1.527737842243922506e-01
1.525508476743701880e-01
1.531391764152268964e-01
1.529809800749175330e-01
1.532245786391187858e-01
1.535567028753482555e-01
1.538751858734993538e-01
1.534951740750276350e-01
1.541440130227782479e-01
1.539373436947461815e-01
1.535411171343624703e-01
1.526032183797737529e-01
1.531033929648177583e-01
1.530432252899183720e-01
1.532845473934772718e-01
1.535927738151151578e-01
1.539733047056801585e-01
1.543861838609929538e-01
1.543951373223361456e-01
1.544159353085638453e-01
1.542862513284171955e-01
1.543749849207764480e-01
1.542631585035044162e-01
1.536345517753526235e-01
1.540200212657559520e-01
1.543293444114526014e-01
1.534314889189120623e-01
1.542756170314911468e-01
1.535776533083328677e-01
1.527634203318484207e-01
1.539732522065951903e-01
1.539275549119774322e-01
1.536443221732937958e-01
1.535820721130411459e-01
1.536670879773895659e-01
1.530213366125408037e-01
1.528997830448440842e-01
1.532456341782147680e-01
1.532468547068707720e-01
1.532874036101430082e-01
1.532274135759668643e-01
1.536911503780547528e-01
1.535691681171458267e-01
1.537918826466675992e-01
1.551248959633735325e-01
1.546384527797130537e-01
1.546746322348275249e-01
1.536227131499148524e-01
1.531982323092452858e-01
1.533165460300914551e-01
1.527959121990384583e-01
1.526959472852340849e-01
1.524935003619682095e-01
1.527099001519250376e-01
1.533137565512057710e-01
1.529896074422575913e-01
1.529320376735392173e-01
1.530273072300063764e-01
1.525666067037041163e-01
1.529183360259873670e-01
1.526954941552997325e-01
1.524992261489487577e-01
1.532518669897444119e-01
1.532599704389508433e-01
1.545381035482398524e-01
1.542304939324861957e-01
1.545030100021545783e-01
1.543173209796591117e-01
1.537163051599751140e-01
1.537076697119028890e-01
1.541546738448505427e-01
1.539130403609765829e-01
1.534859433159798114e-01
1.528757476813730753e-01
1.537072385030161248e-01
1.535171075566650611e-01
1.528574459516705564e-01
1.530659825157918708e-01
1.526480942850298450e-01
1.533789425389162631e-01
1.536196049187270318e-01
1.529596642615171365e-01
1.535204410664984254e-01
1.539017270660044678e-01
1.542522470469115947e-01
1.537739091368888478e-01
1.542419317254654643e-01
1.540593607252110919e-01
1.538362438260302556e-01
1.536799679048128364e-01
1.537878664886939417e-01
1.538209809352077961e-01
1.530313658890059270e-01
1.533178763261900668e-01
1.531116098074741250e-01
1.535125505450065375e-01
1.535471618757540402e-01
1.533025414752730298e-01
1.536748767162323392e-01
1.536244669765612636e-01
1.539107178149450861e-01
1.541587823702215143e-01
1.544133710237880763e-01
1.543795103393953982e-01
1.543150495322830607e-01
1.544003756744950495e-01
1.539312320213697127e-01
1.537466144730118556e-01
1.537734981493571185e-01
1.538087504175912890e-01
1.539537134076847946e-01
1.540775603688958328e-01
1.540097356742141099e-01
1.537147323850380776e-01
1.535065599227948552e-01
1.528499981726651469e-01
1.526354903934542262e-01
1.526372017830366079e-01
1.523419407492676569e-01
1.523694859035540083e-01
