9.294239951682991887e+03
9.225772048638633350e+03
9.161008047382620134e+03
9.096494126513958690e+03
9.040565876631993888e+03
8.985786886786623654e+03
8.933367511283731801e+03
8.884715803309822149e+03
8.836391067532469606e+03
8.792911545655340888e+03
8.749335014376219988e+03
8.703978640718827592e+03
8.666098414239628255e+03
8.628741652164464540e+03
8.593788343669821188e+03
8.560035730730607611e+03
8.530224993579035072e+03
8.497287391431998913e+03
8.465261082087938121e+03
8.436245877243260111e+03
8.409352758085364258e+03
8.381256933104416021e+03
8.353904955022149807e+03
8.325448172804415663e+03
8.304137945006053997e+03
8.281403192135901918e+03
8.254993171048950899e+03
8.230557716963749044e+03
8.211319991561804272e+03
8.190249152324096030e+03
8.168596791309620130e+03
8.150507265220084264e+03
8.132046430717296062e+03
8.111676663904032466e+03
8.091581954097031485e+03
8.072571944486733628e+03
8.049832068729088860e+03
8.028028809825742428e+03
8.011294184480252625e+03
7.988011658568669191e+03
7.969672086713099816e+03
7.950854498977013463e+03
7.937902711643325347e+03
7.916416974555698289e+03
7.902482906622916744e+03
7.883842076171434201e+03
7.868186779536315953e+03
7.849716348098534581e+03
7.836938678613966658e+03
7.817938694525136270e+03
7.803170652217442694e+03
7.793340451085745372e+03
7.782368997744569242e+03
7.766812885373904464e+03
7.749754528912733804e+03
7.736338440714919670e+03
7.721410714126959647e+03
7.708167839025901230e+03
7.698048140001896172e+03
7.689023135675927733e+03
7.680963274950946470e+03
7.668125339818190696e+03
7.658075616341230671e+03
7.646440873279989319e+03
7.634173133537668036e+03
7.620920761889798086e+03
7.612416622888326856e+03
7.604603886397733731e+03
7.591222807417033437e+03
7.582667911780354189e+03
7.573081685863286111e+03
7.564511879512914675e+03
7.556430505022704892e+03
7.546255137122593624e+03
7.536110141633729654e+03
7.521699283040302362e+03
7.510058071504543477e+03
7.500446509686956233e+03
7.487510466823791830e+03
7.477909440603300936e+03
7.467845773288666351e+03
7.458292022245684166e+03
7.448253035750162780e+03
7.442597062138596812e+03
7.435812822065272485e+03
7.426822794814470399e+03
7.421155059085187531e+03
7.416585960359119781e+03
7.405057586902214098e+03
7.394709321955734595e+03
7.385594519345001572e+03
7.375773470633789657e+03
7.371147066308751164e+03
7.360319172198255728e+03
7.348922028943453370e+03
7.340628794542761170e+03
7.330309756201043456e+03
7.325027874783665538e+03
7.316281679876275120e+03
7.303641714283500733e+03
7.293108702445748349e+03
7.287555907443625074e+03
7.284036387477923199e+03
7.272562466973816299e+03
7.265009403684593963e+03
7.253862412299081370e+03
7.248259615551045499e+03
7.237243348931957371e+03
7.232810283717334642e+03
7.225236825622543620e+03
7.219287072198884744e+03
7.208059556598175732e+03
7.200002024027561674e+03
7.192117140426794322e+03
7.186928938786061735e+03
7.176059571355785010e+03
7.166723415363825552e+03
7.163289368135156110e+03
7.155096710746215649e+03
7.149488041506595437e+03
7.141845680695107148e+03
7.141045719159914370e+03
7.136300244123515768e+03
7.127249725026056694e+03
7.121678090709257049e+03
7.116849683267543696e+03
7.110642165925428344e+03
7.100019425362986112e+03
7.093994165073782824e+03
7.081323426657010714e+03
7.074751816136172238e+03
7.066036616055735976e+03
7.062892170258394799e+03
7.059253239277750254e+03
7.047883579740096138e+03
7.039989662005720675e+03
7.029485127946663852e+03
7.024971984579507989e+03
7.021006051020715859e+03
7.014890053297652230e+03
7.006939713144804955e+03
7.002117957568793827e+03
6.997752317516143194e+03
6.988600838086575095e+03
6.977379499846597355e+03
6.974653003710890516e+03
6.972754358904267065e+03
6.971169886390658576e+03
6.964108725824673456e+03
6.961121476638182685e+03
6.951975738781177824e+03
6.944339596311640889e+03
6.934037256621364577e+03
6.929254071197483427e+03
6.922017461077781263e+03
6.917117103542611403e+03
6.906987838422546702e+03
6.902302487581368950e+03
6.897839515238406420e+03
6.892126045747624630e+03
6.892305067025718927e+03
6.885410877181298929e+03
6.882391953927005488e+03
6.878324451565533309e+03
6.877809814816650032e+03
6.872138657203086041e+03
6.864472106657626682e+03
6.863021185435357438e+03
6.856655722627104296e+03
6.844542704002639766e+03
6.842477880747017480e+03
6.842206344555678697e+03
6.828751088416171115e+03
6.821700276456629581e+03
6.817226039205866982e+03
6.804651226773488816e+03
6.803042670063299738e+03
6.796686423434029166e+03
6.795067609352831823e+03
6.797681632415240529e+03
6.791272687437244713e+03
6.788920711356167885e+03
6.784603805908071990e+03
6.775686579947058817e+03
6.770724713892421278e+03
6.767724369295409815e+03
6.763981887476496922e+03
6.758207869809363729e+03
6.755814134491759432e+03
6.752882123299296836e+03
6.746145004679186968e+03
6.744553938297663990e+03
6.739668568929865614e+03
6.732508844437600601e+03
6.730793518982874957e+03
6.725035474626784890e+03
6.717441639228118220e+03
6.711622120725699460e+03
6.703483638686244376e+03
6.698000250778452028e+03
6.696131303291174845e+03
6.692625730739551727e+03
6.688056230320898976e+03
6.684795825456427337e+03
6.677957053960977646e+03
6.671741761040101665e+03
6.667159340330060331e+03
6.657585203457553689e+03
6.650772715313958543e+03
6.649909661072266317e+03
6.644274389447420617e+03
6.643659985443076039e+03
6.635742671445668748e+03
6.633456499045289092e+03
6.630682917556826396e+03
6.624907662255611285e+03
6.625738032433138869e+03
6.621301600021934064e+03
6.615599391967222800e+03
6.610127412725892100e+03
6.605027596539528531e+03
6.594483699401620470e+03
6.590581058454736194e+03
6.586217897356240428e+03
6.579279709510402427e+03
6.574808663633425567e+03
6.570495160839411255e+03
6.566162878102969444e+03
6.561150837306381618e+03
6.554825906916694294e+03
6.549973874451498887e+03
6.546732818439119910e+03
6.545125767356612414e+03
6.538846401451861311e+03
6.534675165196023045e+03
6.532122046585284806e+03
6.530995387976046004e+03
6.526692264216465446e+03
6.522854124977776337e+03
6.521923537721299908e+03
6.520866678923703148e+03
6.515300297396835958e+03
6.507051178761101255e+03
6.501103812497598483e+03
6.492417197411318739e+03
6.488362148944154796e+03
6.482678348091522821e+03
6.480451211534979848e+03
6.477712340114562721e+03
6.475198054672619946e+03
6.472045304702523026e+03
6.471795697317597842e+03
6.461987124227581262e+03
6.462855581964890916e+03
6.457671777223530626e+03
6.455800231307435752e+03
6.448550437246220099e+03
6.445316006518309223e+03
6.440964053112817055e+03
6.437008712027907677e+03
6.434113300822793462e+03
6.434170119941352823e+03
6.431284653077979783e+03
6.426153721235974444e+03
6.424153564394877321e+03
6.414529464097609889e+03
6.414351649786228336e+03
6.402738930932362564e+03
6.396610601596226843e+03
6.400841129165040002e+03
6.403911251942115996e+03
6.403264476118430139e+03
6.399063960304259126e+03
6.396017569601804098e+03
6.393162790032673001e+03
6.391122435834196040e+03
6.382059147945068617e+03
6.379980577727306809e+03
6.375191801919378122e+03
6.368998883953741824e+03
6.368909896807612313e+03
6.366007982840138538e+03
6.363716195900168714e+03
6.358378866447959808e+03
6.353635289216651472e+03
6.349791945361234866e+03
6.350935229375569179e+03
6.348937272440661218e+03
6.341665018693083766e+03
6.334544549572938195e+03
6.334309707334832638e+03
6.329580084008028280e+03
6.321207713174601849e+03
6.321781984501315492e+03
6.320726269285511080e+03
6.317467444958367196e+03
6.315804237393946096e+03
6.312964623860778374e+03
6.312506767433989808e+03
6.310648562308067994e+03
6.304954360602630913e+03
6.299015990557300029e+03
6.293582630420886744e+03
6.291723119490164208e+03
6.286707874266184263e+03
6.284303879426783169e+03
6.281661342037214126e+03
6.274017124767082350e+03
6.269892877426993437e+03
6.269051845877123014e+03
6.262737924919197212e+03
6.258345291012996313e+03
6.253174933221104766e+03
6.254650891098837747e+03
6.251186442271761734e+03
6.250018686728426474e+03
6.247096633104952161e+03
6.244481926055909753e+03
6.241968646609748248e+03
6.238634848077814240e+03
6.233658202908466592e+03
6.229722056429254735e+03
6.226855643039196366e+03
6.214742005684377546e+03
6.215424709010339029e+03
6.214813422511076169e+03
6.209500589994484471e+03
6.203049038166443097e+03
6.194284640690740162e+03
6.190659839722264223e+03
6.191851821506013948e+03
6.190407977114783534e+03
6.184594872039284382e+03
6.183114749521581871e+03
6.175104642420576056e+03
6.175153261360343095e+03
6.169217276855486489e+03
6.170598773695818636e+03
6.164781889830943328e+03
6.162973888426777194e+03
6.164527690931083271e+03
6.162440941517259489e+03
6.158881129489004707e+03
6.156498000872625198e+03
6.154453598737296488e+03
6.152964839393172042e+03
6.146228594654242443e+03
6.140738496828803363e+03
6.135566477311716881e+03
6.140481157043916028e+03
6.135814568984645121e+03
6.129729273469244617e+03
6.125148575348207487e+03
6.120186582763018123e+03
6.116709914974762796e+03
6.106991494954828340e+03
6.102223227293869968e+03
6.095305072698798540e+03
6.088550033477436955e+03
6.090141586524584454e+03
6.080208990074326721e+03
6.074522226701666114e+03
6.071408768130738281e+03
6.068014822204369921e+03
6.064995977409284023e+03
6.057558747227009007e+03
6.049192413396650409e+03
6.050560650860872556e+03
6.043076031236657400e+03
6.043873443016518650e+03
6.039046950174874837e+03
6.033448599327384727e+03
6.024418448719907246e+03
6.020820051162793789e+03
6.016238959015958244e+03
6.012886163099227815e+03
6.011863914333812318e+03
6.013691332560929368e+03
6.011811652364844122e+03
6.009642513061853606e+03
6.010183658886591729e+03
6.006739839013029268e+03
6.003723465794804724e+03
6.000803042333369376e+03
5.995185478462454739e+03
5.991402943141452852e+03
5.992393039802441308e+03
5.984935120342841401e+03
5.985038279777979369e+03
5.977777216959871112e+03
5.979300133592199018e+03
5.975210036717701769e+03
5.972304124841169141e+03
5.968145747028586811e+03
5.968257250706704326e+03
5.965798805055255798e+03
5.959195639139818923e+03
5.959183298598625697e+03
5.956061565550052364e+03
5.948928685456422500e+03
5.941172072713699890e+03
5.938608672485276657e+03
5.937184693785213312e+03
5.933585547326015330e+03
5.936848121040871774e+03
5.940334318607242494e+03
5.932392715178291837e+03
5.930244100952037115e+03
5.929872533010786356e+03
5.920553736091367682e+03
5.914814913699926365e+03
5.908077225709336744e+03
5.905413146645098095e+03
5.905320723558954342e+03
5.899939985960630111e+03
5.904504884156432126e+03
5.894642780702490199e+03
5.890905210323617212e+03
5.887323068982056611e+03
5.883215845935108518e+03
5.879773431752370016e+03
5.874399513802020010e+03
5.872807455702742118e+03
5.866010572143953141e+03
5.860852976271548869e+03
5.856610580250003295e+03
5.852494984002907586e+03
5.852261184364640940e+03
5.855421854785491632e+03
5.849787633590920450e+03
5.849994135866154465e+03
5.846849847065211179e+03
5.846919129629247436e+03
5.843334407988156272e+03
5.846575500181797906e+03
5.839679012361470086e+03
5.835662820303828994e+03
5.830815847389108967e+03
5.827884493652203673e+03
5.828065167064485649e+03
5.821790512842727367e+03
5.822080937804311361e+03
5.816673064177613014e+03
5.814287223032434667e+03
5.813530422362166973e+03
5.811556410215628603e+03
5.807406692754193500e+03
5.809131451797341470e+03
5.811301495404367415e+03
5.810985106989086489e+03
5.812647148109630507e+03
5.807107706105559373e+03
5.802802963472613555e+03
5.801364527900875146e+03
5.800259525496978313e+03
5.800067200491853328e+03
5.804788378118347282e+03
5.797754536236199783e+03
5.793877774951300125e+03
5.797144989605951196e+03
5.789139072967759603e+03
5.781572070929996698e+03
5.784818892250291356e+03
5.781708699338169936e+03
5.778063343683547828e+03
5.775110173494173978e+03
5.772463062973930391e+03
5.775074056857351934e+03
5.768284261358873664e+03
5.763666310086457997e+03
5.761440671341973939e+03
5.755357714064541142e+03
5.755562626220744278e+03
5.758895283396741434e+03
5.755896066384228106e+03
5.757932912837824915e+03
5.755751050012349879e+03
5.751660729806355448e+03
5.751117316587914502e+03
5.746538408335458371e+03
5.743908349785665450e+03
5.739063568448602382e+03
5.736768750429596366e+03
5.733058083430868464e+03
5.734888306144024682e+03
5.734317577995737338e+03
5.732988074234263877e+03
5.730937677847938176e+03
5.728111890140003197e+03
5.728251868803450634e+03
5.726988673019104681e+03
5.729250280645167550e+03
5.728771906320713242e+03
5.721655978448927272e+03
5.721629110465819394e+03
5.718233297275449331e+03
5.712036354358338031e+03
5.709451160934551808e+03
5.709490250168641069e+03
5.706721384209468852e+03
5.702963391660659909e+03
5.700349347970169219e+03
5.694301055996589639e+03
5.694939868626219322e+03
5.687522313089586532e+03
5.679722889234654758e+03
5.678487359844074490e+03
5.675858257965127450e+03
5.675180848759619948e+03
5.666163227395089962e+03
5.661326581093075220e+03
5.660571788570317949e+03
5.663965732493634277e+03
5.662362669387898677e+03
5.663460759319114004e+03
5.655614797468108918e+03
5.653203043899834483e+03
5.648752541993709201e+03
5.646011105946629868e+03
5.639785033785685300e+03
5.639622236045595855e+03
5.634203156077237509e+03
5.626184239155291834e+03
5.624269068146998507e+03
5.620057867992189131e+03
5.619490553738031849e+03
5.618922512392657154e+03
5.616313854470532533e+03
5.615268752914887955e+03
5.612007630778465682e+03
5.608263302742030646e+03
5.612157130803974724e+03
5.609798109962150193e+03
5.605239237604119808e+03
5.602587786041027357e+03
5.602833604089669279e+03
5.599278605044811229e+03
5.594086853161462386e+03
5.598301631636839375e+03
5.593969409456462927e+03
5.594074333333217510e+03
5.594758472734418319e+03
5.584125242496326791e+03
5.578446815118119048e+03
5.576724156530861364e+03
5.571197492184429393e+03
5.574134529169435154e+03
5.571053532828010248e+03
5.571313771090066439e+03
5.569868981851852368e+03
5.567967129287152602e+03
5.561940825743206915e+03
5.555615397450489581e+03
5.551901755851378766e+03
5.550823327847913788e+03
5.551245397763404071e+03
5.544800408228235028e+03
5.539863381927380033e+03
5.535719981936884324e+03
5.534181631008762452e+03
5.527957856081286991e+03
5.525836715002553319e+03
5.521552076559575653e+03
5.517191787939192182e+03
5.519106252866842624e+03
5.518436904127793241e+03
5.518350366981754632e+03
5.515843869537278806e+03
5.514445928763707343e+03
5.511916256410047936e+03
5.511874150132334762e+03
5.511339118115477504e+03
5.506776955336013998e+03
5.503510626449921801e+03
5.505321446265409577e+03
5.500670653776483050e+03
5.493622835038177072e+03
5.494284850739119975e+03
5.490874278105733538e+03
5.486710602166747776e+03
5.491207790449258937e+03
5.484397991690041636e+03
5.478644399221599997e+03
5.479160819630895276e+03
5.477406784216065716e+03
5.476642570909079041e+03
5.473110355028289632e+03
5.470526073816453390e+03
5.467049665359438222e+03
5.471867480272736429e+03
5.469342928621241299e+03
5.468235902078227809e+03
5.465679852009202477e+03
5.465357769529337929e+03
5.464385361300648583e+03
5.463274794714940981e+03
5.467848028060386241e+03
5.466434235885800263e+03
5.467656860546448115e+03
5.469799578042833673e+03
5.464930479615758486e+03
5.462124409080799524e+03
5.458815147037093084e+03
5.455400574223841431e+03
5.453703650867571923e+03
5.459715791974928834e+03
5.457797875258571366e+03
5.458554692990021067e+03
5.459028332143355328e+03
5.453340056345582525e+03
5.451995436485242863e+03
5.446736826685114465e+03
5.448458487186452658e+03
5.450802757832947464e+03
5.450420298875375920e+03
5.450849818760180824e+03
5.446138374869282416e+03
5.441985463016467293e+03
5.439367680914198900e+03
5.435579372786868589e+03
5.435267799340759666e+03
5.436320373397115873e+03
5.434916319313866552e+03
5.432429074765697806e+03
5.434453278927240717e+03
5.433288607433148172e+03
5.423449014598660142e+03
5.417024745923145019e+03
5.416585505888127955e+03
5.421199973847450565e+03
5.419223903137071829e+03
5.420334556587476072e+03
5.415794274402178416e+03
5.415428802675179213e+03
5.413144788222994976e+03
5.412381563359311258e+03
5.409892550546313942e+03
5.404094797561716405e+03
5.400955312665711062e+03
5.404547840301223005e+03
5.397466987422859347e+03
5.395606507407350364e+03
5.392205076188076418e+03
5.388844335341982514e+03
5.385638040856812950e+03
5.391348908634122381e+03
5.389427619470850914e+03
5.381637484295325521e+03
5.383085651566143497e+03
5.381274599675769423e+03
5.379262383873332510e+03
5.372578051351922113e+03
5.370549470265313175e+03
5.366648013260735752e+03
5.363726962578465645e+03
5.362896429092738799e+03
5.360116815030645739e+03
5.358484884092019456e+03
5.355812838937820743e+03
5.356251731975881739e+03
5.357886147775063364e+03
5.355491134427472389e+03
5.355981643213385723e+03
5.357577366625411742e+03
5.354786886037252771e+03
5.353717017125152779e+03
5.352470233182323682e+03
5.357232037794557982e+03
5.354550977709418476e+03
5.350944345455920484e+03
5.348319189780411762e+03
5.347194070481506060e+03
5.343022179616644280e+03
5.338769579248581067e+03
5.340450693851703363e+03
5.341154513187350858e+03
5.341305134236772574e+03
5.336379684306423769e+03
5.332681169063294874e+03
5.330946478653008853e+03
5.329642903741390910e+03
5.332012791263651707e+03
5.330573958549299277e+03
5.327475344870908884e+03
5.325651086521777870e+03
5.325431051647442473e+03
5.322795712726138845e+03
5.319400214366522960e+03
5.314960924636405252e+03
5.311452586409063770e+03
5.305927602478168410e+03
5.303046378272951188e+03
5.305390573498292724e+03
5.302997546316852095e+03
5.304936823407230804e+03
5.302062715033855056e+03
5.301956427535151306e+03
5.292654065265377540e+03
5.291332688037527078e+03
5.291758902137054065e+03
5.294206745209413384e+03
5.294533825059407718e+03
5.292072600825552399e+03
5.287327137031777056e+03
5.281425392965176798e+03
5.282619750530331658e+03
5.279007220956578749e+03
5.281203493776284631e+03
5.275741885949232710e+03
5.282170342410296143e+03
5.282085258379968764e+03
5.282697757637260111e+03
5.279699780101163014e+03
5.275723611423641159e+03
5.274700402068118819e+03
5.272241288131618603e+03
5.264715047693446650e+03
5.265201987511292828e+03
5.265514756347884031e+03
5.262622254324508503e+03
5.262200342127725889e+03
5.258330545964973680e+03
5.252983540598062064e+03
5.252945615966247715e+03
5.253389110028573668e+03
5.253206590476988822e+03
5.254884481686797699e+03
5.245689425498573655e+03
5.241606589565723880e+03
5.246136408291697990e+03
5.246734989737890828e+03
5.240199967170576201e+03
5.238668344365165467e+03
5.235722248645882246e+03
5.239625396573353100e+03
5.234701391628153033e+03
5.231033044232282919e+03
5.227253888630319125e+03
5.226740897970543301e+03
5.227521382866475506e+03
5.223611828566561599e+03
5.220166136633636597e+03
5.223188165888365802e+03
5.216105868120607738e+03
5.215344653313019990e+03
5.213911198766898451e+03
5.209800444587339371e+03
5.203988333958409385e+03
5.199754568937054501e+03
5.194993204340372358e+03
5.195322752075604512e+03
5.194226069576197915e+03
5.189922176183734337e+03
5.193024168002393708e+03
5.192566416628822481e+03
5.193355999034686647e+03
5.188613641725185516e+03
5.186260297287314643e+03
5.182038112194692985e+03
5.178320449682013532e+03
5.178466671871706239e+03
5.173171896304925212e+03
5.171975722349845455e+03
5.171361908039228183e+03
5.169533997303571596e+03
5.165610230683301779e+03
5.167414439089726329e+03
5.166890750678291624e+03
5.164943431420519119e+03
5.164316673936261395e+03
5.162979032069597451e+03
5.158747000330243281e+03
5.159830056042396791e+03
5.156955804902574528e+03
5.152184974270862767e+03
5.150608335783779694e+03
5.151243087940534679e+03
5.147447675404269830e+03
5.146733992854326971e+03
5.143900224204166079e+03
5.136162043289664325e+03
5.137085008571773869e+03
5.134220125972162350e+03
5.131364352354285074e+03
5.131217852396421222e+03
5.131275222742819096e+03
5.132028837274234320e+03
5.129934859167278773e+03
5.126478855058989211e+03
5.124156664341056057e+03
5.124384487672793512e+03
5.121665652496257280e+03
5.124767895057239002e+03
5.124357080082218090e+03
5.121730368491088484e+03
5.118554888116219445e+03
5.116693224725363507e+03
5.114428982850131433e+03
5.114530333736604007e+03
5.111129514379298598e+03
5.106464669873143976e+03
5.103662881453832597e+03
5.103813981987033003e+03
5.095751702730434772e+03
5.093477266152200173e+03
5.087775342753437144e+03
5.088312502216436769e+03
5.087686237647794769e+03
5.086869832953192599e+03
5.088988907667904641e+03
5.093395589221921000e+03
5.098215923452179595e+03
5.098985886204911367e+03
5.095023659873262659e+03
5.090425809683673833e+03
5.088308118553285567e+03
5.091361737797973547e+03
5.091182735527057048e+03
5.094875410103221839e+03
5.093992805960203441e+03
5.089886784575494858e+03
5.091894987671297713e+03
5.093076559180564800e+03
5.092497322061872183e+03
5.087327847321453191e+03
5.087922018024524732e+03
5.086465062940485950e+03
5.084343152876665044e+03
5.081402789575212410e+03
5.079932110840110909e+03
5.079824214631072209e+03
5.077331270352213323e+03
5.076646497637923858e+03
5.074718688250477499e+03
5.075149945476336143e+03
5.071589446501964630e+03
5.066456235631696472e+03
5.064175186694229524e+03
5.063941551947181324e+03
5.067374751849866698e+03
5.064310188723728970e+03
5.060407695061230697e+03
5.056541558823177184e+03
5.062169958973693610e+03
5.061098053727288971e+03
5.067274546964511501e+03
5.061736768781035607e+03
5.056921589786305049e+03
5.051782041275619122e+03
5.054171603864169811e+03
5.056882186980034930e+03
5.055441674472872364e+03
5.049225190184542953e+03
5.042226485295163911e+03
5.042402936386506553e+03
5.042634611286210202e+03
5.045873472325663897e+03
5.045018847343652851e+03
5.045150216398928023e+03
5.043949277074482779e+03
5.038443664126348267e+03
5.039443398680511564e+03
5.035376957113557182e+03
5.033943884538582097e+03
5.034076790685247943e+03
5.035700490193336009e+03
5.030621534121727564e+03
5.027089786381807244e+03
5.025812943489529061e+03
5.023625307576271553e+03
5.016293118481758029e+03
5.016035819249972519e+03
5.011717685224278284e+03
5.013183914426788760e+03
5.017137550206799460e+03
5.013947625049039743e+03
5.013469914790382063e+03
5.011396834341582689e+03
5.008255060363660959e+03
5.004932751012925110e+03
5.000243169501664852e+03
5.000907752107838860e+03
4.998878567637952074e+03
4.993930557774832778e+03
4.993349697176630798e+03
4.997240810394623622e+03
5.001126171608730147e+03
5.001930310847636974e+03
4.999008984013134977e+03
4.999819023480166834e+03
4.997391721498921470e+03
4.993331726474985771e+03
4.985469233481188894e+03
4.982552745602438335e+03
4.986433996685649618e+03
4.991685801769796853e+03
4.987696285920763330e+03
4.989082226861073650e+03
4.985143329345139136e+03
4.982031477810732213e+03
4.980051500286072041e+03
4.978248864321583824e+03
4.981809043652862783e+03
4.978387573333395267e+03
4.975266793872763628e+03
4.975527609915392532e+03
4.973754666469858421e+03
4.974130747496100412e+03
4.973946520344799865e+03
4.967068470796159090e+03
4.973063114849473095e+03
4.972930378909850333e+03
4.966824942444499356e+03
4.963842787819973637e+03
4.963460804980052671e+03
4.965447422800559252e+03
4.961769982162631095e+03
4.955992450799603830e+03
4.956460744499257999e+03
4.951513082085598398e+03
4.951736872687748473e+03
4.950473738387557205e+03
4.947846835730082603e+03
4.945633180597912542e+03
4.945252072197705274e+03
4.943777366794690352e+03
4.944177844264801934e+03
4.943978920578244470e+03
4.939881993809150117e+03
4.942743101902634407e+03
4.938885092968196659e+03
4.936888595981195067e+03
4.939006146989777335e+03
4.932789611192753000e+03
4.934941088924249925e+03
4.937080068565473084e+03
4.930235351677235485e+03
4.928366527694899560e+03
4.925972020731768680e+03
4.929764556771880962e+03
4.930318129206837511e+03
4.926567061270914564e+03
4.926592382525598623e+03
4.922542608574788574e+03
4.928013652266304234e+03
4.924133209324125346e+03
4.922718864268198558e+03
4.919790961386871459e+03
4.914300746731531035e+03
4.916712775091097683e+03
4.915491845397653378e+03
4.910206136481478097e+03
4.905808826346256865e+03
4.909358016406121351e+03
4.912669877938822538e+03
4.909939280755732398e+03
4.908633623441042801e+03
4.908722719301190409e+03
4.909600594721910056e+03
4.905065236059882409e+03
4.904961520027700317e+03
4.906861801534468214e+03
4.904735585858035847e+03
4.897887076872889338e+03
4.897618628613067813e+03
4.898305268727495786e+03
4.901796569321561037e+03
4.896225139674152160e+03
4.893074338384350085e+03
4.883776293756733139e+03
4.882936720243772470e+03
4.881807822483237942e+03
4.884537796579635142e+03
4.887059638504026225e+03
4.887551931035070993e+03
4.886380494884598193e+03
4.886036565632613019e+03
4.883677519662035593e+03
4.878084711918021640e+03
4.873951386985231693e+03
4.872532611672739222e+03
4.864820890210753532e+03
4.860566054726768925e+03
4.856848260653076068e+03
4.855311317107853029e+03
4.853153612975404940e+03
4.854821333662103825e+03
4.853311202140730529e+03
4.853274502919678525e+03
4.853768625270073244e+03
4.850522215357183086e+03
4.846642828661419117e+03
4.846053335278703344e+03
4.847274052971402853e+03
4.847089534226937758e+03
4.844081598182284324e+03
4.847093620602319788e+03
4.848279646566890733e+03
4.845750381208258659e+03
4.846552391660801732e+03
