1.450329083068347125e-01
1.595302540611026332e-01
1.658149816520770037e-01
1.689977994049599030e-01
1.732870116957395679e-01
1.746099079500265383e-01
1.748554032162651095e-01
1.753570297507758280e-01
1.750732356452882055e-01
1.737314455688334924e-01
1.742608876160443299e-01
1.768617152165311013e-01
1.767944260402041501e-01
1.773079613930610421e-01
1.765087204427897849e-01
1.767395813396218096e-01
1.769331555935054756e-01
1.773325642027140936e-01
1.773870126883403953e-01
1.772044005218965934e-01
1.777786786646608774e-01
1.771680224848466989e-01
1.764564057067698200e-01
1.753548388534545421e-01
1.759079219085962764e-01
1.746428571713920519e-01
1.735964210947947006e-01
1.746154929355525909e-01
1.765023799790809700e-01
1.763798986752122822e-01
1.772506333159380165e-01
1.775458498190677636e-01
1.775473675451609279e-01
1.783341274503693896e-01
1.780597974676303430e-01
1.780134064144593686e-01
1.782832433437828157e-01
1.798178027513041843e-01
1.795711195738590449e-01
1.787750266760040063e-01
1.775217092829876608e-01
1.772473614116440166e-01
1.770326794591887964e-01
1.777758326166358760e-01
1.772332365783719221e-01
1.781347950788471080e-01
1.780174396000425430e-01
1.776051732586025889e-01
1.788667300052687315e-01
1.784216805957705432e-01
1.764268772420295728e-01
1.765515719892629676e-01
1.770821232648558952e-01
1.787862595024789225e-01
1.780697352380777032e-01
1.793714699100774357e-01
1.773871289360713921e-01
1.763342260062483735e-01
1.760352734573734090e-01
1.774071500246535427e-01
1.774145377625573616e-01
1.783668637890756248e-01
1.769481045634790084e-01
1.782227232272537432e-01
1.765950883604980870e-01
1.776342060523464217e-01
1.769038391272729771e-01
1.771700720681692598e-01
1.769158523885279721e-01
1.768097570810560348e-01
1.772608915115158612e-01
1.756503199679405325e-01
1.767519592040948939e-01
1.769352448003363998e-01
1.768272631394402772e-01
1.777855200971104055e-01
1.770003223232149980e-01
1.766090363405400654e-01
1.770005901805087323e-01
1.768862550118731614e-01
1.775070414713696698e-01
1.785895138037958407e-01
1.788779093667750009e-01
1.796597066094130224e-01
1.793301319800784943e-01
1.783835510023433768e-01
1.792706508703054702e-01
1.782169907134532327e-01
1.796384550903069033e-01
1.780879744211766036e-01
1.780423962840011198e-01
1.783814588897546793e-01
1.795313812321304991e-01
1.776383297482182488e-01
1.779132167553720278e-01
1.770241899762268201e-01
1.774267587883591457e-01
1.774851197659964575e-01
1.764442727916076814e-01
1.784664043814176149e-01
