1.000000000000000000e+04
9.620954843980025544e+03
9.363155890973632268e+03
9.158012102499280445e+03
8.988066583103756784e+03
8.844111828882747432e+03
8.718435042689447073e+03
8.612127493544034223e+03
8.516850890887297282e+03
8.430941583287478352e+03
8.356269557848503609e+03
8.286743563727764922e+03
8.221144861642787873e+03
8.163860591520431626e+03
8.112831252821800263e+03
8.062677577032519366e+03
8.019931423992348755e+03
7.978288477363180391e+03
7.942522989685022367e+03
7.909803526178302491e+03
7.872452811846671466e+03
7.846612731022074513e+03
7.821539852914687799e+03
7.796686751154052217e+03
7.776420015608127869e+03
7.749408913086702341e+03
7.727877349216779294e+03
7.710199326982819002e+03
7.689883533768458619e+03
7.668883680450307111e+03
7.657276462281061868e+03
7.645040611891388835e+03
7.629107655506232732e+03
7.613462494292170959e+03
7.599815127327256050e+03
7.585684667165927749e+03
7.573285526213745470e+03
7.561343274864829255e+03
7.550414285359581299e+03
7.539111302465799781e+03
7.530842228736395555e+03
7.524072972235688212e+03
7.521265472969668735e+03
7.510504329909584158e+03
7.499536966061888052e+03
7.489430297489304394e+03
7.480883535999166270e+03
7.473275190386927534e+03
7.466301950562609818e+03
7.460430780134431188e+03
7.454836156234663576e+03
7.447508832522156808e+03
7.440970996332325740e+03
7.436293337043613974e+03
7.428733985715324707e+03
7.421082872274506371e+03
7.417824081522767301e+03
7.415801143771529496e+03
7.409443724481147001e+03
7.407956296962803208e+03
7.400406944517799275e+03
7.396989314892625771e+03
7.392408951587651245e+03
7.387861822446620863e+03
7.381496885738662968e+03
7.377963711021670861e+03
7.373719346491897340e+03
7.366779540685041866e+03
7.362913175962939022e+03
7.359848767410548135e+03
7.357420074595965161e+03
7.358365389021647388e+03
7.354672819679290114e+03
7.355643477048641216e+03
7.353434285941968483e+03
7.346359992560886894e+03
7.349334609737804385e+03
7.345060259271292125e+03
7.342851129780533483e+03
7.340303947981163219e+03
7.340038959009680184e+03
7.339137849809771069e+03
7.335832366486399224e+03
7.335091242237726874e+03
7.331195282319162288e+03
7.331868565373083584e+03
7.330954099755066636e+03
7.330898474958145925e+03
7.328718280604727624e+03
7.327577378043351018e+03
7.328327242855162694e+03
7.323461380677734269e+03
7.321599505450077231e+03
7.321343891150473610e+03
7.321766835571535921e+03
7.318619831882168000e+03
7.319644937938483054e+03
7.318208656207973945e+03
7.312397741094788216e+03
7.312227319846758292e+03
7.309991685217843042e+03
7.309337702861351318e+03
7.311565743355221457e+03
7.313037282814394530e+03
7.312627124583023033e+03
7.312881335530764773e+03
7.308912179049062615e+03
7.309057197973943403e+03
7.309551415891432043e+03
7.308959037461726439e+03
7.307294375250332450e+03
7.307165343827820834e+03
7.311599608821620677e+03
7.314292481552105528e+03
7.312595219676269153e+03
7.313959019165028622e+03
7.309315575755077589e+03
7.306751391796816279e+03
7.309920666243236155e+03
7.308767064959714844e+03
7.312801182386513574e+03
7.312005973299068501e+03
7.309768582297515422e+03
7.306928492786451898e+03
7.307819115055563088e+03
7.308675950055849171e+03
7.306625092213849712e+03
7.307080974804931429e+03
7.307446757448316021e+03
7.308867881401941304e+03
7.311682228672138081e+03
7.312419111079171671e+03
7.315874280756065673e+03
7.317566175602536532e+03
7.320775706764242386e+03
7.323615643962336435e+03
7.324094973970726642e+03
7.323938088666246585e+03
7.324249817303140844e+03
7.327404900822333730e+03
7.324563609527528570e+03
7.328967899115550608e+03
7.330565753899795709e+03
7.330105270720896442e+03
7.330025542708971443e+03
7.328725585392825451e+03
7.327531354298700535e+03
7.331231741083895031e+03
7.332564854301414016e+03
7.327420893932528088e+03
7.324685182305087437e+03
7.326586540422314101e+03
7.327319274688351470e+03
7.330875669009177727e+03
7.333123478574560977e+03
7.335175405726971803e+03
7.337066983636631448e+03
7.338104057460658623e+03
7.338609418516990445e+03
7.340088612637966435e+03
7.343449130324935140e+03
7.344705469123729017e+03
7.341706562810393734e+03
7.345816935836970515e+03
7.347738236350179250e+03
7.347164374608365506e+03
7.351364705873911589e+03
7.352142048326738404e+03
7.352677327939529278e+03
7.355362493407837974e+03
7.357588326455534116e+03
7.353457678692980153e+03
7.353787843488876206e+03
7.353240235004572241e+03
7.352132101466474523e+03
7.351727812403240932e+03
7.351624644897157850e+03
7.354302783430564887e+03
7.357029975576294419e+03
7.358882276555272256e+03
7.356522153745669129e+03
7.357789565340253830e+03
7.356693202685551114e+03
7.358997916632593842e+03
7.359511445866657596e+03
7.364944726841244119e+03
7.367815860990028341e+03
7.366920606173332089e+03
7.368433982966793337e+03
7.370625338833997375e+03
7.372231556286672458e+03
7.371078774883241749e+03
7.369359931319154384e+03
7.368198265592558528e+03
7.372265798809807166e+03
7.373858456290411596e+03
7.377305321220661426e+03
7.380457805777948124e+03
7.383655732464041648e+03
7.385839004269871111e+03
