1.000000000000000000e+00
9.698265099776967046e-01
9.440792818996457392e-01
9.197176973031372382e-01
9.067267754539376501e-01
8.905626646743202146e-01
8.722970275306761723e-01
8.624658456700761144e-01
8.378880931701101487e-01
8.240875434064776073e-01
8.202208552295155997e-01
8.148506165914146671e-01
8.080630380263147394e-01
7.992190446388991454e-01
7.975930266160541349e-01
7.932698037486187737e-01
7.861677994583918805e-01
7.791383255441622913e-01
7.729583183209004504e-01
7.641890366624167763e-01
7.644526801933438920e-01
7.560879383277971932e-01
7.563608277922925227e-01
7.493960947630634584e-01
7.486715955853899818e-01
7.426857015262159356e-01
7.345366423044894510e-01
7.290662085580680296e-01
7.320802332115876609e-01
7.202173858584649535e-01
7.254419207786110269e-01
7.200170802775487378e-01
7.184566326158531302e-01
7.145347864881457234e-01
7.030535235963683016e-01
7.076966968468739738e-01
7.113679028908285185e-01
7.082134085903871723e-01
7.023618448957268390e-01
7.015107144947618778e-01
6.926106919522453387e-01
6.865757977862876338e-01
6.867553657401238576e-01
6.803580221580066700e-01
6.829810804980308570e-01
6.812959055587061163e-01
6.771680404923969832e-01
6.782925788678815238e-01
6.747410904692283662e-01
6.750876564955515802e-01
6.850115003346839426e-01
6.830415468431213499e-01
6.727788493280243420e-01
6.756829778201111081e-01
6.727684701624992991e-01
6.670876341954268263e-01
6.718603573658432637e-01
6.690860279505781438e-01
6.622819075449559723e-01
6.632921307850914161e-01
6.557742455624822053e-01
6.564892754448574674e-01
6.564080452705149948e-01
6.610403904043458123e-01
6.622300555001100486e-01
6.534924119695602052e-01
6.581169291075892325e-01
6.620056434536395473e-01
6.668916477187391001e-01
6.686330427230037232e-01
6.705162660406324138e-01
6.635051597733720996e-01
6.696621886240960997e-01
6.640894797291894136e-01
6.660697744026868872e-01
6.659643684800506946e-01
6.666685178154304614e-01
6.710642118379300802e-01
6.740416702354024014e-01
6.818285538632761211e-01
6.959734657518272805e-01
6.858771464934757534e-01
6.876510358051008964e-01
6.954260266888157016e-01
6.942767353240489880e-01
6.936804200503484674e-01
6.932013009188213726e-01
7.071166629084980615e-01
7.092355158756393774e-01
7.094988382408847771e-01
7.026442281819720304e-01
6.969041653437482164e-01
7.033918605207017949e-01
7.006433603051129833e-01
7.022066432569977756e-01
7.052767752832298509e-01
7.069028473465448492e-01
7.097320691614289467e-01
7.108745513073492228e-01
7.055241233805894518e-01
7.020247925049731830e-01
6.964870422549722662e-01
7.007418963068731133e-01
6.968929107128022382e-01
6.987036669637154418e-01
6.948849408107752312e-01
6.879365095864591328e-01
6.800316617997426150e-01
6.712898280693520014e-01
6.727705219202714249e-01
6.807085686184740636e-01
6.705162521302634460e-01
6.718946353667338833e-01
6.691561237508139026e-01
6.656544609619156061e-01
6.671019751707285561e-01
6.654270014719573245e-01
6.690464394701178819e-01
6.618287378107237107e-01
6.641140108700340772e-01
6.636029445046587316e-01
6.570252728335121972e-01
6.616422741256086093e-01
6.647880950050314430e-01
6.626199651178267258e-01
6.635283820175662539e-01
6.637917599830752691e-01
6.611724438372132973e-01
6.617775778628783856e-01
6.583320355735149398e-01
6.565511437410568307e-01
6.678981679971349728e-01
6.663016252178768362e-01
6.627902687343181221e-01
6.630863364631018886e-01
6.595052836690028508e-01
6.574045152109208034e-01
6.605380976296357787e-01
6.575368135953004733e-01
6.637530861507490165e-01
6.588983666128761518e-01
6.554270617408637367e-01
6.553076113346582021e-01
6.519887299098519051e-01
6.571534161477713409e-01
6.491440333329238088e-01
6.462036944861803134e-01
6.489823701083136109e-01
6.498979797229063049e-01
6.471161258093954816e-01
6.423390723361396271e-01
6.466604154966791862e-01
6.481990669174371167e-01
6.474302401089256920e-01
6.461511505085666407e-01
6.535302790096418901e-01
6.503438063990151230e-01
6.478645868870025470e-01
6.473238109288146358e-01
6.421885874988297882e-01
6.458546500986053207e-01
6.413466969811385532e-01
6.470251719067491303e-01
6.451770808882913988e-01
6.551189985919810832e-01
6.534065078078884481e-01
6.533194080622287681e-01
6.571256349682795816e-01
6.617395638938302627e-01
6.685447329179733389e-01
6.660752285400028949e-01
6.573946108608953454e-01
6.522624046631898542e-01
6.632964429300229892e-01
6.656119960102354627e-01
6.656162728484040780e-01
6.684040434996235680e-01
6.726588339076051692e-01
6.742911570888645567e-01
6.785886023791845023e-01
6.779571629392054932e-01
6.739337144376122968e-01
6.660293267448720300e-01
6.684770460873104003e-01
6.596282250398307623e-01
6.604248596398514248e-01
6.601823463741710585e-01
6.573895533462105201e-01
6.617366591043964963e-01
6.546104360375774034e-01
6.635094463959037014e-01
6.601054637367883560e-01
6.531976548643781966e-01
6.533056037098318169e-01
6.544572129850838582e-01
6.628220020364998799e-01
6.565448236316835384e-01
6.632204009092429464e-01
6.600140895120572004e-01
6.721622294679027165e-01
6.728947161913070296e-01
6.766802079749552057e-01
6.778826225352249102e-01
6.814535324032877650e-01
6.833608742434498229e-01
6.839877503484860233e-01
6.852514587418565561e-01
6.953649907236667538e-01
7.001001140559508507e-01
7.010089556876063499e-01
7.009705523918250414e-01
6.942072552854915424e-01
6.912401849252340913e-01
7.016550827726704131e-01
7.056979600850514789e-01
7.102544999011594085e-01
7.142264513491385358e-01
7.105207183896160572e-01
7.171813818033437871e-01
7.196823709482623732e-01
7.244352363819720475e-01
7.233938245703841474e-01
7.231186153917643633e-01
7.265134098146126540e-01
7.315245447949669799e-01
7.344251838215142270e-01
7.332044459001046954e-01
7.354514103095378674e-01
7.404932482717958564e-01
7.416698318601859796e-01
7.479059547463178248e-01
7.465091311549035824e-01
7.405954697708599932e-01
7.412940112418026084e-01
7.371710661142973908e-01
7.359011146262663949e-01
7.365590825243956141e-01
7.388108845955341231e-01
7.362759585267291129e-01
7.319599412175145092e-01
7.267238116305527740e-01
7.174661602628291668e-01
7.016475540781961229e-01
7.016524702010288328e-01
6.947603080534614506e-01
6.994071368741069383e-01
7.046510850927044656e-01
7.013891480909562048e-01
7.076404525508279697e-01
7.019530301875605005e-01
7.048160036561941233e-01
6.997695973013872139e-01
7.018592172903309612e-01
7.016536090714656781e-01
6.961383351068196612e-01
6.940426642569866855e-01
6.892751395059280028e-01
6.917947476494289427e-01
6.988022803179028131e-01
6.990939372499770377e-01
7.066084629998732325e-01
7.067807922985008817e-01
7.007168853016605414e-01
7.043155636552946852e-01
7.064395892462013160e-01
7.046600002828448117e-01
7.037550984817003696e-01
6.939703511654002899e-01
6.939232017677019471e-01
6.950843190832485252e-01
6.997389962960108845e-01
6.981936282313309095e-01
6.958458038336235996e-01
7.013643173697110544e-01
6.992307415329981346e-01
7.044906257195385768e-01
7.022452880767964256e-01
7.016388769590962138e-01
7.023615735428693219e-01
7.064336421551977718e-01
7.039080100031310794e-01
7.046071252827890152e-01
7.022861873111214681e-01
7.094240614240787668e-01
7.109227816903929131e-01
7.166884355369659287e-01
7.107321276161419066e-01
7.191029393760665078e-01
7.316908419003083086e-01
7.224480986425103612e-01
7.184783746082179512e-01
7.224521265290181349e-01
7.212860384530770386e-01
7.192311251845212583e-01
7.226225481179531229e-01
7.212467290323436586e-01
7.208350611475435876e-01
7.154879203974757740e-01
7.141304572217044289e-01
7.178928533269562928e-01
7.230267756291195447e-01
7.109248200401830919e-01
7.102896557342534001e-01
7.139065494531035005e-01
7.180133037654163886e-01
7.110324706281173635e-01
7.196020175222395121e-01
7.219378104382401240e-01
7.225170223100809697e-01
7.169391257755322044e-01
7.145112917710741973e-01
7.202557209046641651e-01
7.216224805263447006e-01
7.222506407767664838e-01
7.154172539299490374e-01
7.170389193195657596e-01
7.189016731140579486e-01
7.261405950679283849e-01
7.267332099518007960e-01
7.216090893716229360e-01
7.163484198475953413e-01
7.122751637582095396e-01
7.147459586938773590e-01
7.200765134031764658e-01
7.228539749548450466e-01
7.208453265924316122e-01
7.255492370973793959e-01
7.318171187433448743e-01
7.309657742809116954e-01
7.303015371949405088e-01
7.291051040383115245e-01
7.261075874628017957e-01
7.278389492131017713e-01
7.309300643847875811e-01
7.325727913737424268e-01
7.310046082354508812e-01
7.271060077374574826e-01
7.294164220874239657e-01
7.318196084536562340e-01
7.336115571891642650e-01
7.290590711724516115e-01
7.349344738731372617e-01
7.285451890981378131e-01
7.333602625257660268e-01
7.311573353870016723e-01
7.273117387671700351e-01
7.280099130633539417e-01
7.244823212804201162e-01
7.236133097252853696e-01
7.237314770643851203e-01
7.185592125300310773e-01
7.201250580308967697e-01
7.243720243186233532e-01
7.343090221782354599e-01
7.442495429104774018e-01
7.442348954023282337e-01
7.437940586608623450e-01
7.538036307992969087e-01
7.496973598077648626e-01
7.384439702283980278e-01
7.424172679428108212e-01
7.421452497309476426e-01
7.383948970909689491e-01
7.425370289660101486e-01
7.419821402290445178e-01
7.373670903889468775e-01
7.379466624488760784e-01
7.393025583140202528e-01
7.316049578183454472e-01
7.327010958932558271e-01
7.310718874182217109e-01
7.333301060535641902e-01
7.423306104708471409e-01
7.492868057286692363e-01
7.518985510480341583e-01
7.509054357465875240e-01
7.531113598419776345e-01
7.484305419623820121e-01
7.515095376213419831e-01
7.582299702195672841e-01
7.616841528163224018e-01
7.586310081972673647e-01
7.510692456723812027e-01
7.491986786209462457e-01
7.484769749189845722e-01
7.516025929439373865e-01
7.478580504378075089e-01
7.578090781044011237e-01
7.579811855433831180e-01
7.579918580088567115e-01
7.528598047528337611e-01
7.512005733765931836e-01
7.488559394376450573e-01
7.518304780670912457e-01
7.544107970370181881e-01
7.563436401542744658e-01
7.561545737624048025e-01
7.552892632526794214e-01
7.496383126843677580e-01
7.500777497297501650e-01
7.522304752592152699e-01
7.558925425995329794e-01
7.517771081946229561e-01
7.453052016959683668e-01
7.399360309677109893e-01
7.495523105161587818e-01
7.482147093444535546e-01
7.468741216172166686e-01
7.474908868821776853e-01
7.485648848422118418e-01
7.548015875476192793e-01
7.567104685119648844e-01
7.522158630003709101e-01
7.540268458516804495e-01
7.504542478446069032e-01
7.457166447269011345e-01
7.513076625465550107e-01
7.590052409077947537e-01
7.580557867327739618e-01
7.654692359594803541e-01
7.633871572944971318e-01
7.615318753741003865e-01
7.604505692757050905e-01
7.554345864108092945e-01
7.589185761925597573e-01
7.587294209872728068e-01
7.538942234068897186e-01
7.595324153008985446e-01
7.563832072605585211e-01
7.502092966486632042e-01
7.480154679954321706e-01
7.488179089742688088e-01
7.480182072759078427e-01
7.513060646714879720e-01
7.379571312959014584e-01
7.420633201260106171e-01
7.464210554124538488e-01
7.498410291866729471e-01
7.473676551299941462e-01
7.472360110342904926e-01
7.512334157476492358e-01
7.565007039846513015e-01
7.559269461259222611e-01
7.579164927227750592e-01
7.565953561482201550e-01
7.601074640509501990e-01
7.561186789527534202e-01
7.550996860354449725e-01
7.441955754430216174e-01
7.442047307078122342e-01
7.473212713679293628e-01
7.483035614942358249e-01
7.516950667402062525e-01
7.495291952596606633e-01
7.444776419376420984e-01
7.402724059982301874e-01
7.466757520388977998e-01
7.391104560139999391e-01
7.424208620287214844e-01
7.389251428023813073e-01
7.394343696993331827e-01
7.317712105898024344e-01
7.299756030777527771e-01
7.410562671917265698e-01
7.393253567673773174e-01
7.495816901659544396e-01
7.519347408488894491e-01
7.533519260366596804e-01
7.483458683978017056e-01
7.465458032343568195e-01
7.483180701808239688e-01
7.505616271731461175e-01
7.485955446278480530e-01
7.476570072553259116e-01
7.477352295828900708e-01
7.470642777299363324e-01
7.444237453470219368e-01
7.467495885063459848e-01
7.421196013973296868e-01
7.445876587462686436e-01
7.405119293688349202e-01
7.410951397832014065e-01
7.473583132266279350e-01
7.464195277281731045e-01
7.532869956372920672e-01
7.582589258485138428e-01
7.575633720274720373e-01
7.602575908129444171e-01
7.561655485184509695e-01
7.588303331400918506e-01
7.584701141843218641e-01
7.560340119259300051e-01
7.545830195395919482e-01
7.550893741749955534e-01
7.529124189447626847e-01
7.518680566959230482e-01
7.471168071089249185e-01
7.495942942472947346e-01
7.433261626571084912e-01
7.420478107296425430e-01
7.413304352815566212e-01
7.441655042243980889e-01
7.420313951844215161e-01
7.429056505445779113e-01
7.406276318900902877e-01
7.346835086574137197e-01
7.297808890182619912e-01
7.269383079151053861e-01
7.277569436383198864e-01
7.218458804635784487e-01
7.162417148013362489e-01
7.216810356563964080e-01
7.214485449883892842e-01
7.213216230008339114e-01
7.229518501292229171e-01
7.294428782607456085e-01
7.299514051547582039e-01
7.313728207187414343e-01
7.299159552561915731e-01
7.273603510205579603e-01
7.182638341561029538e-01
7.194390846199228973e-01
7.216503123982418444e-01
7.223533377142452583e-01
7.189168470375406628e-01
7.201964300125104357e-01
7.144241166154396971e-01
7.113945160896502085e-01
7.095400092781121160e-01
7.162392499467691298e-01
7.179276654590581730e-01
7.188699017964745863e-01
7.195292017314711686e-01
7.150104329296906869e-01
7.167606042970322555e-01
7.257890649678404582e-01
7.207860697751655721e-01
7.266923806682551445e-01
7.233910946394338515e-01
7.196863457303283029e-01
7.192018308133114601e-01
7.179872345948971057e-01
7.124861641562593162e-01
7.107066188896229431e-01
7.112786124282475253e-01
7.071106543143970136e-01
7.142070247522418480e-01
7.198926568656218716e-01
7.215439085822853427e-01
7.260310960249111156e-01
7.262558896825683785e-01
7.228604257688862056e-01
7.228350901073694601e-01
7.294203643268982740e-01
7.387451710736246957e-01
7.356574689425841029e-01
7.385763277491250722e-01
7.423572793575989870e-01
7.402123350929028511e-01
7.386924333343654059e-01
7.420400329745995283e-01
7.451854915468141272e-01
7.344445604281066853e-01
7.354868891913962647e-01
7.335277513001047245e-01
7.313415467742082621e-01
7.296324744553808195e-01
7.349751285617002194e-01
7.425466158704473463e-01
7.384831275834773390e-01
7.425461158155787222e-01
7.381680051905270545e-01
7.422997370851216470e-01
7.507878148703551746e-01
7.422197998153187148e-01
7.358824495679643363e-01
7.347670620725540447e-01
7.473377955729041400e-01
7.428590796828332676e-01
7.539236387119503391e-01
7.510837604640664411e-01
7.616375445371461606e-01
7.571035208145394657e-01
7.585316425823543929e-01
7.507427609865194862e-01
7.541702081710282002e-01
7.538998826824445665e-01
7.523747213369438303e-01
7.538576040312807702e-01
7.564763357693067292e-01
7.520848533941116854e-01
7.566876450082624661e-01
7.524516121767018673e-01
7.491405509925362916e-01
7.420358778490134810e-01
7.489031575628760651e-01
7.410840177870992029e-01
7.379638470082110491e-01
7.409287231999767132e-01
7.481866781783178544e-01
7.435733662640496844e-01
7.396001582243160177e-01
7.399804294191584253e-01
7.422160118177627552e-01
7.395402105172288465e-01
7.434071469386634989e-01
7.442466134104206432e-01
7.400712417579791147e-01
7.423562575300283184e-01
7.450167945233145961e-01
7.437168483453682200e-01
7.409883994361454729e-01
7.426844522312494590e-01
7.371754865578502569e-01
7.429686634811372148e-01
7.508794319640916815e-01
7.557389415999502535e-01
7.562292236133622003e-01
7.571792032350272983e-01
7.554700701851392308e-01
7.483269735738287132e-01
7.476169953479424590e-01
7.439750807620878481e-01
7.413808650170581327e-01
7.413751755157180767e-01
7.418002192062580491e-01
7.416537942275630568e-01
7.336189684533286348e-01
7.322784838105156346e-01
7.365041514878427620e-01
7.364247574022863008e-01
7.407684946922205027e-01
7.375375996617512531e-01
7.395872489411039474e-01
7.344512134615344134e-01
7.343946072321176910e-01
7.424591061913561330e-01
7.424131208797301040e-01
7.418990759986081596e-01
7.348933472846960191e-01
7.318318740694329527e-01
7.301915461496922832e-01
7.378251501032727644e-01
7.348289294250797132e-01
7.416760714188044279e-01
7.444293275232589657e-01
7.381700050158596094e-01
7.351725434411008342e-01
7.405283853573441100e-01
7.423906126984459730e-01
7.413683588323991547e-01
7.395749759695785519e-01
7.411427514430961594e-01
7.443474480771818946e-01
7.480158241466350333e-01
7.509955576831913726e-01
7.398799687283701410e-01
7.362173923732929781e-01
7.288068062361126032e-01
7.305959520707036026e-01
7.398675353049272152e-01
7.423109969063876878e-01
7.368430256652565014e-01
7.401377742034612739e-01
7.386185619212907172e-01
7.431680077705665743e-01
7.470031265382759411e-01
7.481211571807285798e-01
7.496520841390500456e-01
7.512985590445451223e-01
7.559955251266760046e-01
7.563438141591030117e-01
7.543244089461326185e-01
7.629211940481031018e-01
7.518829905764907728e-01
7.549356840946405134e-01
7.521879492683402058e-01
7.496230385689766074e-01
7.485046731133765396e-01
7.485742618686164196e-01
7.494330124139463312e-01
7.520197482525011745e-01
7.440360952614442080e-01
7.378314175173990019e-01
7.340762908065427972e-01
7.403652663894138009e-01
7.407843839749075343e-01
7.472476734168705947e-01
7.419032868157678928e-01
7.385454668815798485e-01
7.395519882512160414e-01
7.356161042151998508e-01
7.373386506293796439e-01
7.389782545559131499e-01
7.361914710607615486e-01
7.355445018419528580e-01
7.339839743283941287e-01
7.301316127619443819e-01
7.347786191335008432e-01
7.385997663480547981e-01
7.399651977788344048e-01
7.390845979738179805e-01
7.365103983767528062e-01
7.376104365852111933e-01
7.335618908340717503e-01
7.405152220862841750e-01
7.444667972505901732e-01
7.446747090769210153e-01
7.394999516736123768e-01
7.379845824389085207e-01
7.371560310565092866e-01
7.426337086742269555e-01
7.421778900057230954e-01
7.347437861882467613e-01
7.350683523273033870e-01
7.327819009154414864e-01
7.370669184430984622e-01
7.361221692502885050e-01
7.356587112169711284e-01
7.386993993746499010e-01
7.390873491418988861e-01
7.321460712863772091e-01
7.354725480269879156e-01
7.361101872212506558e-01
7.321095587354895518e-01
7.312995705162321780e-01
7.305891910638715459e-01
7.241347865602969502e-01
7.374138727815190419e-01
7.383902426656877571e-01
7.407029248325216475e-01
7.373351885502907876e-01
7.368195653675857493e-01
7.383581042043720899e-01
7.337541328962643439e-01
7.330509070485203837e-01
7.309408148770970559e-01
7.328665937432188304e-01
7.404545085691768280e-01
7.366886102766733169e-01
7.335049146313505908e-01
7.406380993363649301e-01
7.350208128737899527e-01
7.379304853579459200e-01
7.352370635513796326e-01
7.307255341054780251e-01
7.311552164017660616e-01
7.351645261026236167e-01
7.310494449324131949e-01
7.323186711955220751e-01
7.296654171185656956e-01
7.296360553951033445e-01
7.264188778396014623e-01
7.164819844231037349e-01
7.216162694145037415e-01
7.211231370881517888e-01
7.223435957916350958e-01
7.290124735631264841e-01
7.250528260220447940e-01
7.307870467694606020e-01
7.256568911095012675e-01
7.215406332042114679e-01
7.224478986597590024e-01
7.236708925330833653e-01
7.205076132491028407e-01
7.208302453018403666e-01
7.306407571303701332e-01
7.312059931944524527e-01
7.265507049423218788e-01
7.267310732446888855e-01
7.233096522437704179e-01
7.264681384093474303e-01
7.227462527228090128e-01
7.266995940697728029e-01
7.238256047910958113e-01
7.298998387965665025e-01
7.344831275649535973e-01
7.310907295727473443e-01
7.260994227933060818e-01
7.260658289092526418e-01
7.251412275127904206e-01
7.268843778500873043e-01
7.273036788564927191e-01
7.264155043634664688e-01
7.221781739047932192e-01
7.269887264826024875e-01
7.287280449587099085e-01
7.330445267774475804e-01
7.435385212594555204e-01
7.404401766082752134e-01
7.383867973730517953e-01
7.380050713516962402e-01
7.462933712517260121e-01
7.387710509350270405e-01
7.405953618677831862e-01
7.441197171447181402e-01
7.484215727871810220e-01
7.428838312340998451e-01
7.441405527008463361e-01
7.506373467654858800e-01
7.489485713983513593e-01
7.548274978830431525e-01
7.552676719166424579e-01
7.515835003317893337e-01
7.432102508474137670e-01
7.386449133493393493e-01
7.410067192456998297e-01
7.402986984518706848e-01
7.406508307695132132e-01
7.413434397956381039e-01
7.407133705135185986e-01
7.432997456089274202e-01
7.452349397657899166e-01
7.430237626574044407e-01
7.431679922375035163e-01
7.488015039794789773e-01
7.461802367870228325e-01
7.493134016536272535e-01
7.485578716584400105e-01
7.493597228811385014e-01
7.489780132762904330e-01
7.438020752983085515e-01
7.421021829227274491e-01
7.496067080062140953e-01
7.512099545535645406e-01
7.511296284629314091e-01
7.509012986238557952e-01
7.566477818697527891e-01
7.527410259988911445e-01
7.504543579633508044e-01
7.511962237670148923e-01
7.505646163071721944e-01
7.497941569385301319e-01
7.476564331457828949e-01
7.473963028083709936e-01
7.500592544191202471e-01
7.493505852544853907e-01
7.459796480535169083e-01
7.548509120955053664e-01
7.588369258218204960e-01
7.533320557107379134e-01
7.502717336577756635e-01
7.531690470298201268e-01
7.484329641309213077e-01
7.547891930881723832e-01
7.563569741648639155e-01
7.599954348505640889e-01
7.632438413391579024e-01
7.684233593692847419e-01
7.678278223042106498e-01
7.679300549982132074e-01
7.705583326977765157e-01
7.648051650240127453e-01
7.692051397907115895e-01
7.668227644840445167e-01
7.745670626238463363e-01
7.681204015186874345e-01
7.786323285954886986e-01
7.759395518511879031e-01
7.691153230136518193e-01
7.745095821151234405e-01
7.805468470132038705e-01
7.804560343657769295e-01
7.873209687003779322e-01
7.892989919599530113e-01
7.842015615968089826e-01
7.852874054529211945e-01
7.791912653500230324e-01
7.754524971280986056e-01
7.741537625254411026e-01
7.727921539232596171e-01
7.742256206050162071e-01
7.706621086433798062e-01
7.734894374741717593e-01
7.701839384462938476e-01
7.781540161129065769e-01
7.716894200620545430e-01
7.718836808244172731e-01
7.688548557702055142e-01
7.589522199190669172e-01
7.590168088084726650e-01
7.611234394584066587e-01
7.537094703286200126e-01
7.551773834501236404e-01
7.561003871734555126e-01
7.574829374465535947e-01
7.582975237390283674e-01
7.599966737947706497e-01
7.638894540993118598e-01
7.649502448228041596e-01
7.743438746568582776e-01
7.688572005362804829e-01
7.663868263889055399e-01
7.733044266680744183e-01
7.663846685971659189e-01
7.701373463820126997e-01
7.643340569416675612e-01
7.642745011140309463e-01
7.603350904444305947e-01
7.530223843429940667e-01
7.575785360589444295e-01
7.494943821397545003e-01
7.407336689716242928e-01
7.475536420652261205e-01
7.450013791875494951e-01
7.501845494640744239e-01
7.456499858310494666e-01
7.397286414828010415e-01
7.381050963056563496e-01
7.384354940217150443e-01
7.393689572659322140e-01
7.434240971744142668e-01
7.371801698750484189e-01
7.396590828158073894e-01
7.451656790412813924e-01
7.424248571644055383e-01
7.394350017570174849e-01
7.478116458951733492e-01
7.509075610011377577e-01
7.485284010513575392e-01
7.546223693806334287e-01
7.548550943844912764e-01
7.559012222105758738e-01
7.609635268284944409e-01
7.548432359072282383e-01
7.443479688215258738e-01
7.476620928076718187e-01
7.434301138365154715e-01
7.466795247053577000e-01
7.489589464187647039e-01
7.521439179776315820e-01
7.527234236698389092e-01
7.533020810259212219e-01
7.518917162847961189e-01
7.548901051313674504e-01
7.543099271966030583e-01
7.591420339305399168e-01
7.635838742557661263e-01
7.688975386140443069e-01
7.606815898684330390e-01
7.623665525495552098e-01
7.680209024834823150e-01
7.657366333055601881e-01
7.619621630243730293e-01
7.697594938561568290e-01
7.724299589948698808e-01
7.685228856847824419e-01
7.671117262352753485e-01
7.719794405776011503e-01
7.681522590933594907e-01
7.703035020725391702e-01
7.680573053503303438e-01
7.687666113027904480e-01
7.715656419652654474e-01
7.688670845093713568e-01
7.694130904959486372e-01
7.695366875772668980e-01
7.644816358584752836e-01
7.632990499937133411e-01
7.667044688251312134e-01
7.634243827740460064e-01
7.617764158306922218e-01
7.585176935527369046e-01
7.609192858647777502e-01
7.636425291133793758e-01
7.660413984588066993e-01
7.652231476328681392e-01
7.678077971181127559e-01
7.648667150788577285e-01
7.616753291607589738e-01
7.588263066506523158e-01
7.594480664077120080e-01
7.598655416255426509e-01
7.638525758998091497e-01
7.600466799138119178e-01
7.593102845036792115e-01
7.626956223951304459e-01
7.640279127100710888e-01
7.626611020130722451e-01
7.610072812042314450e-01
7.668497575354618068e-01
7.660822652250024456e-01
7.739157367732373283e-01
7.921183003117104882e-01
7.990731408013312942e-01
7.977924927891878459e-01
7.986992177701444096e-01
7.933909164260124491e-01
7.847115626090186424e-01
7.829893759980371959e-01
7.843786365059512988e-01
7.932076619188775934e-01
7.959171455614598711e-01
7.969460496891198620e-01
7.919683592062530808e-01
7.966558263773534376e-01
7.977937897151927693e-01
7.937978203574259650e-01
7.901069033880055992e-01
7.885590901457362190e-01
