1.000000000000000000e+04
9.367783359497865604e+03
8.880625430893462180e+03
8.466278084809346183e+03
8.108386121872754302e+03
7.794540309241953764e+03
7.506056595170912260e+03
7.243975698352516702e+03
7.001708414169283969e+03
6.786127123991300323e+03
6.584114926329943046e+03
6.396961059768780615e+03
6.224424388875982913e+03
6.061751661792715822e+03
5.915747099489737593e+03
5.769370981290932832e+03
5.632752589088314380e+03
5.501346293962294112e+03
5.378635555842721260e+03
5.265935615122806666e+03
5.150752793855194795e+03
5.043519169446389242e+03
4.940942773117017168e+03
4.846586041389015008e+03
4.754407338336563043e+03
4.663297796933144127e+03
4.579546077607118605e+03
4.490560145315271257e+03
4.414750506497541210e+03
4.340652534978210497e+03
4.268042525698793725e+03
4.201746608677634867e+03
4.134348931233041185e+03
4.068170467994521005e+03
4.004058385917361647e+03
3.949258352903501873e+03
3.892477832456445412e+03
3.834329133066621125e+03
3.783038458305720269e+03
3.733475589131342531e+03
3.679649609862778107e+03
3.627640889342251285e+03
3.570700465154919129e+03
3.528046454380701562e+03
3.488170909927877801e+03
3.448162737691788607e+03
3.406668707440956041e+03
3.362799892896437086e+03
3.324203271184847381e+03
3.285704759503777950e+03
3.251540857107082957e+03
3.216720979728626844e+03
3.185774288234277265e+03
3.152094980318885973e+03
3.118670042657672639e+03
3.089313841149524251e+03
3.061223451294682491e+03
3.033458993356113751e+03
3.010038936884616760e+03
2.980949781811507819e+03
2.954044001035437759e+03
2.933046745185679356e+03
2.907807983017214610e+03
2.880859933701063710e+03
2.857719878980523845e+03
2.837411465930473696e+03
2.819091039941517010e+03
2.802460092171365886e+03
2.781763903349603879e+03
2.763318869341935169e+03
2.747937257708108064e+03
2.720759673740668404e+03
2.699231233100119880e+03
2.685147577203797937e+03
2.669128399936035748e+03
2.655528173579648410e+03
2.641426778733688934e+03
2.625524317392907051e+03
2.609768173236321672e+03
2.599015634947665149e+03
2.583268167971193634e+03
2.561084755931940890e+03
2.550532760381687240e+03
2.537480106031467585e+03
2.529180072011853554e+03
2.517406969201927041e+03
2.514604752854753315e+03
2.502844018441283879e+03
2.491306677724319798e+03
2.492054814877368699e+03
2.479832060091052426e+03
2.463016336631078957e+03
2.455751203860603255e+03
2.449555779976539725e+03
2.444396750786226221e+03
2.433284284475015738e+03
2.428407751641410869e+03
2.421311724698874514e+03
2.413849051719614636e+03
2.411174676828145948e+03
2.410723258128326961e+03
2.404682608949244695e+03
2.396047319844172307e+03
2.393772568798269276e+03
2.394700385745041785e+03
2.388183851346447682e+03
2.385491388012303560e+03
2.382440453039941076e+03
2.379613473620433524e+03
2.371501673683498211e+03
2.366806745525073438e+03
2.364389372107124927e+03
2.355717849924447364e+03
2.356244900833655265e+03
2.353980758300916023e+03
2.351539424883200809e+03
2.345340166284147017e+03
2.334616967349240895e+03
2.332285588658087363e+03
2.325586341959409765e+03
2.324149430844227481e+03
2.318082047984854853e+03
2.314546651916938572e+03
2.314166514376352552e+03
2.312879395672051032e+03
2.317605668596095711e+03
2.316191546918065342e+03
2.313612429283123674e+03
2.308527048538253439e+03
2.303770599117764050e+03
2.297906770178843999e+03
2.288929555354134664e+03
2.285159980507649379e+03
2.280346207481797592e+03
2.281850692433065433e+03
2.283097346486815240e+03
2.283530279377969691e+03
2.276308459568750550e+03
2.277237679245020445e+03
2.278340693411169468e+03
2.275567868488398290e+03
2.275765570344827665e+03
2.278907357317575588e+03
2.270746664101331589e+03
2.268773754131389524e+03
2.268470259607719072e+03
2.265633460175107302e+03
2.264415195043498443e+03
2.264470814658050585e+03
2.262794830561308117e+03
2.260872344210064966e+03
2.263330355233318642e+03
2.270280191411532996e+03
2.260382428673739014e+03
2.258345153290985763e+03
2.261048703741284953e+03
2.257188583610576188e+03
2.250570273373798045e+03
2.256544512460154237e+03
2.256548035712623005e+03
2.249602401571304654e+03
2.248292571505724027e+03
2.251527622765259821e+03
2.251637484020802731e+03
2.253901546287893325e+03
2.250480460589448285e+03
2.248464842942782525e+03
2.253350814296813496e+03
2.254550158155445843e+03
2.246044965823620714e+03
2.243334958328954599e+03
2.243175638025428270e+03
2.244975327075597761e+03
2.251852768248047141e+03
2.250947467955200864e+03
2.251054400904369231e+03
2.249709519899605311e+03
2.258304473099928146e+03
2.259254670431496379e+03
2.255047453470103392e+03
2.257601176633952946e+03
2.264432003049562809e+03
2.260977925832646633e+03
2.268230126563423255e+03
2.265847903143236181e+03
2.262473242098933952e+03
2.261956989110607083e+03
2.262885238342348202e+03
2.265860768549292970e+03
2.269714147422910628e+03
2.267642096755628245e+03
2.266679450591055684e+03
2.265960632588601129e+03
2.260618110873430396e+03
2.259503354086824856e+03
2.257054367224279304e+03
2.260351584998014459e+03
2.263473482175239951e+03
2.265836454093242537e+03
2.265221447592665754e+03
2.262900311258956663e+03
2.263474891863241737e+03
2.259389060131210954e+03
2.264648268196522167e+03
2.264750941894758398e+03
2.266839197131064338e+03
2.273132397012951515e+03
2.277035448160837859e+03
2.279466746626006625e+03
2.279905867566006691e+03
2.279498164123288916e+03
2.279517082885256059e+03
2.278133300662415422e+03
2.281910704904884824e+03
2.282609618067619522e+03
2.280780924207396311e+03
2.282314394323568649e+03
2.277664172795467039e+03
2.279797939076754574e+03
2.279806740940477084e+03
2.279248513132387416e+03
2.282398385688900362e+03
2.281993509279000136e+03
2.283755104500924517e+03
2.284525512711175452e+03
2.288257164181791723e+03
2.286507067595218814e+03
2.289149736257004861e+03
2.288158561352915058e+03
2.290942849363038931e+03
2.293605096086404956e+03
2.287293285340744660e+03
2.297653296423341089e+03
2.296468631553284467e+03
2.291695864411547518e+03
2.298100627842505673e+03
2.300538525700374066e+03
2.303216893254308161e+03
2.301893545277747307e+03
2.304299255691997132e+03
2.309028634857733778e+03
2.313449197176390044e+03
2.308610442129745934e+03
2.305538960589413364e+03
2.310365339100475467e+03
2.317185953007822718e+03
2.314462488446337829e+03
2.314008201537424611e+03
2.314224510016893419e+03
2.309977308319569602e+03
2.309778468477255501e+03
2.308050036587034356e+03
2.311192665085460703e+03
2.315436306672916999e+03
2.317829961367207943e+03
2.325353331247974438e+03
2.325474346474547019e+03
2.330730594931572796e+03
2.333138804408790747e+03
2.329912840096734726e+03
2.329338077597938991e+03
2.330529043686651676e+03
2.331867032383008791e+03
2.332835079441520065e+03
2.337975386204033839e+03
2.343333207972301807e+03
2.346492545010004505e+03
2.346276047706635836e+03
2.347322037821021240e+03
2.349566795605496281e+03
2.352177626007798608e+03
2.350979001860785957e+03
2.351175881725241652e+03
2.357293567137668106e+03
2.353704662390194244e+03
2.357935925524814593e+03
2.354345910490801089e+03
2.356769784021321811e+03
2.360365756621660239e+03
2.362319420131073002e+03
2.364014746478419966e+03
2.365128755299333079e+03
2.365170743556780963e+03
2.364571427177058013e+03
2.361038885064079750e+03
2.357366632165992087e+03
2.358225099922036406e+03
2.355158004352155785e+03
2.352389126401509657e+03
2.355130984796473513e+03
2.353696983822194852e+03
2.352580378573820326e+03
2.353052536624566073e+03
2.355670160917585690e+03
2.353727276195274044e+03
2.359394269407010597e+03
2.353734086241578552e+03
2.346651358167439412e+03
2.351517311731987775e+03
2.351859484643026008e+03
2.355765604208680543e+03
2.353854455078305364e+03
2.349418556563983657e+03
2.353733982569621276e+03
2.355580582718344886e+03
2.355016219788717990e+03
2.357544248182400679e+03
2.359405544840427410e+03
2.362439633045613391e+03
2.365886866718166402e+03
2.364018323410514313e+03
2.368396947673051727e+03
2.370189139077734580e+03
2.371877176873561893e+03
2.373429530508512016e+03
2.374529239997831610e+03
2.378916959462856994e+03
2.385033783054519517e+03
2.386931889468692589e+03
2.383492568031246265e+03
2.384831773570570022e+03
2.383093049938146578e+03
2.385869933844236130e+03
2.384859702322590692e+03
2.383825782196054206e+03
2.384113813931529421e+03
2.382015970476992607e+03
2.386443593301366036e+03
2.383517585061944374e+03
2.384657648909684667e+03
2.390860513011387411e+03
2.393621264449617684e+03
2.395599035243860271e+03
2.394204064490534620e+03
2.392931043425363896e+03
2.395566050618633199e+03
2.399280590970857702e+03
2.397103548679100641e+03
2.399530368639776498e+03
2.406860708497586074e+03
2.405343808507027461e+03
2.404224502576873874e+03
2.401227286360716789e+03
2.403255710066456231e+03
2.407427315324004667e+03
2.406591549135089736e+03
2.406103397944969856e+03
2.408278296466203756e+03
2.410602969182858942e+03
2.400867558342912616e+03
2.400805127890288986e+03
2.402990768801805643e+03
2.400520516727592167e+03
2.395295513755277625e+03
2.389021178558671636e+03
2.385735704522527158e+03
2.389439167275128966e+03
2.393634049599905211e+03
2.401087149706855598e+03
2.397318943833419780e+03
2.400606963532616192e+03
2.401389207750816695e+03
2.399858994223967784e+03
2.403687679026837031e+03
2.406810215805825919e+03
2.409314320278942887e+03
2.416226803294130150e+03
2.421269739428091270e+03
2.420601965096117965e+03
2.423447397351855216e+03
2.417586843308259631e+03
2.419015164092723353e+03
2.417335724909892178e+03
2.421206214633463333e+03
2.423967419378059731e+03
2.422176780548591978e+03
2.420180335878880214e+03
2.416119434031269520e+03
2.416619392855110164e+03
2.416045035360065867e+03
2.422107783174796623e+03
2.430161394261057467e+03
2.430051243269301267e+03
2.420294340340231429e+03
2.419112805585374190e+03
2.424797646272763814e+03
2.424923361602990099e+03
2.421163287651509563e+03
2.429322946684407270e+03
2.427430091563453971e+03
2.432929466542711907e+03
2.435112948260540634e+03
2.438998592896434729e+03
2.441660758955514666e+03
2.441798212714516922e+03
2.445290666859069916e+03
2.448029639574628618e+03
2.447465028768428510e+03
2.448720434955582732e+03
2.451349919584567488e+03
2.447211440203782331e+03
2.459210648715108164e+03
2.460544866704251035e+03
2.462281408532887781e+03
2.459697845997573495e+03
2.455536123551831679e+03
2.463607884429055048e+03
2.460006642238602126e+03
2.457989189466734388e+03
2.462441913634163029e+03
2.463987064634033231e+03
2.466250561746201129e+03
2.467470908441986921e+03
2.471357675553206718e+03
2.471614655142826905e+03
2.476639679474869354e+03
2.476174911125075141e+03
2.477535275153190014e+03
2.476461696013366691e+03
2.477344332370087614e+03
2.471082322285459668e+03
2.470740415129927896e+03
2.471802378130956640e+03
2.474052844542028652e+03
2.479872084437720787e+03
2.479949500977759271e+03
2.480505442771917842e+03
2.485451881507492999e+03
2.487018724728370216e+03
2.485782341497333618e+03
2.488785727178255911e+03
2.490032576889996108e+03
2.487237903725903834e+03
2.494286019219363880e+03
2.487302486463201149e+03
2.485305703399686536e+03
2.488011585244383241e+03
2.485871167345408139e+03
2.494875160612020409e+03
2.501816836296945439e+03
2.509053862674727952e+03
2.503738117500436147e+03
2.503659611567856700e+03
2.497827642393455335e+03
2.501878749991627956e+03
2.507598822550031855e+03
2.509690460076400996e+03
2.508924284143012301e+03
2.515797400192294390e+03
2.514400432806738536e+03
2.514392840078346126e+03
2.518045055215577577e+03
2.520008013603644031e+03
2.514330924523744670e+03
2.515724228489405959e+03
2.513922434319953027e+03
2.507957783113192363e+03
2.507603477844545068e+03
2.508930206129337876e+03
2.501938862083200092e+03
2.508984490486197046e+03
2.518206155206275980e+03
2.522473306982143640e+03
2.524234362343491284e+03
2.524310604619805417e+03
2.527536781629071811e+03
2.531079904120493211e+03
2.531307072911358773e+03
2.535626470852292641e+03
2.533318275617224117e+03
2.539401251673042680e+03
2.539202602815327737e+03
2.533353852025526521e+03
2.531057830393946460e+03
2.527747023883197471e+03
2.530837986374232059e+03
2.534157319288950475e+03
2.537880512929513316e+03
2.533038114944142762e+03
2.526531033750724418e+03
2.531463084940923181e+03
2.529037521142914102e+03
2.533916738904991689e+03
2.531335138151461251e+03
2.541742620702042132e+03
2.544317228043303658e+03
2.552890994975837202e+03
2.551367694024849698e+03
2.550444764638330525e+03
2.550013093354318698e+03
2.542414384997849993e+03
2.544478171638546428e+03
2.544776914062960259e+03
2.548715067851676849e+03
2.557174906772458144e+03
2.559212030968056752e+03
2.556532870454333988e+03
2.558466190891651422e+03
2.557463310088038270e+03
2.557745381363869001e+03
2.553533741710494269e+03
2.555812052183473497e+03
2.550135812737818014e+03
2.562326611106422206e+03
2.565665143425512724e+03
2.570930926365364030e+03
2.575183366302597278e+03
2.577260022150603163e+03
2.582658634709421676e+03
2.586204824805835869e+03
2.590893978406786118e+03
2.584667959800417975e+03
2.588028225019778347e+03
2.585819587779828908e+03
2.582987805786385707e+03
2.577811544480588964e+03
2.584281495478879606e+03
2.586762247921495600e+03
2.585838553296658120e+03
2.581962954234380959e+03
2.582923073876878789e+03
2.587582988406299592e+03
2.592766483717853589e+03
2.593864529676774964e+03
2.591545248260280459e+03
2.592160343438363270e+03
2.593386507582851664e+03
2.590478040118969602e+03
2.589851398487358892e+03
2.585305508812811240e+03
2.586833666761625864e+03
2.585156540353427317e+03
2.587676391279931522e+03
2.591553609513373431e+03
2.591224306007474297e+03
2.595041033945314211e+03
2.596388781901363927e+03
2.597291861130337566e+03
2.599187395936215580e+03
2.603301427476780191e+03
2.605947291239523565e+03
2.601993254973177955e+03
2.602481133051508095e+03
2.593058910112697959e+03
2.597429113975960718e+03
2.604775600348720673e+03
2.604606241853151005e+03
2.603894358260783065e+03
2.603867334135386955e+03
2.604364577426330925e+03
2.601970739088739720e+03
2.604936278083595425e+03
2.608867051041735976e+03
2.610588762948792919e+03
2.610930518290716464e+03
2.607000813390646272e+03
2.602579065315997468e+03
2.605385921814564426e+03
2.608854364121612889e+03
2.608658736279056029e+03
2.608984843327238650e+03
2.609174053621924486e+03
2.610842117190667977e+03
2.615555040418174485e+03
2.612928771107079228e+03
2.611841634267795598e+03
2.613101310475317860e+03
2.615385671799974261e+03
2.615076016043597519e+03
2.618698330227052793e+03
2.623950025926425951e+03
2.623514961680149554e+03
2.625351908822716723e+03
2.629976252700962050e+03
2.623526539266545115e+03
2.621228986191420518e+03
2.618728205527838782e+03
2.624753755354252917e+03
2.626202854452975771e+03
2.630623877559959965e+03
2.627253361769891853e+03
2.631487407413746951e+03
2.631436776606550211e+03
2.634446067423911245e+03
2.633497021552454953e+03
2.638232006528153306e+03
2.636456570912529514e+03
2.632834401067993895e+03
2.634230623089104029e+03
2.636488442542030953e+03
2.635099633931069093e+03
2.635333780987911268e+03
2.634673537351484811e+03
2.636272649111855117e+03
2.638171628383614006e+03
2.633548045072858258e+03
2.632845585390559791e+03
2.636301632259904636e+03
2.633723008493368980e+03
2.635434632654511461e+03
2.636838041688726662e+03
2.647615201492911183e+03
2.647197668451088703e+03
2.641310734912336557e+03
2.639019426657272106e+03
2.636978166640651125e+03
2.636033885450518937e+03
2.635445723274516695e+03
2.644198751843056925e+03
2.647164414724694780e+03
2.651010849060505279e+03
2.646714687303149731e+03
2.647533933643124328e+03
2.644603627171162316e+03
2.645072274199204458e+03
2.647686993584091397e+03
2.649157974305906009e+03
2.648797809516775942e+03
2.655202662076531396e+03
2.658567290655259058e+03
2.654866373958824624e+03
2.658039667288597684e+03
2.659871811657272701e+03
2.656992083832524258e+03
2.656927798779529894e+03
2.657846705214969006e+03
2.659489768704469043e+03
2.661427177245644543e+03
2.667836310531539311e+03
2.671936366793573143e+03
2.671502099898328652e+03
2.671217527980412342e+03
2.673001481171771957e+03
2.674298646628936694e+03
2.679723381192220586e+03
2.678364895216739569e+03
2.674859657905384665e+03
2.669376048078888743e+03
2.671174457354203241e+03
2.674070357926195811e+03
2.677602733411963982e+03
2.674830367663489142e+03
2.674044956233643916e+03
2.673876983698471122e+03
2.675843950804317956e+03
2.677231298648949178e+03
2.671171555617036574e+03
2.677003168646460381e+03
2.681273910756693567e+03
2.685322793451854523e+03
2.679617390976491606e+03
2.679385750233838280e+03
2.682619087439962641e+03
2.681624516362322083e+03
2.681993925809023494e+03
2.683464567798981989e+03
2.682643838403286736e+03
2.683036253538687106e+03
2.683284381508533443e+03
2.687693250735273068e+03
2.679905855054184485e+03
2.683229257208116451e+03
2.682133133021826779e+03
2.679068784671600952e+03
2.674941801780808873e+03
2.673394573155201670e+03
2.676503053911592815e+03
2.677625701762226527e+03
2.678378417119925871e+03
2.678616218934618701e+03
2.677274291421580983e+03
2.678419279178972374e+03
2.685597649330690729e+03
2.684517975786330226e+03
2.678541580574245017e+03
2.683379549351163860e+03
2.681875854140605043e+03
2.685168347873729999e+03
2.684338102294580494e+03
2.684415170937076709e+03
2.687708620752442130e+03
2.687314164166629325e+03
2.686324992921019202e+03
2.691628315805416605e+03
2.692633332126688401e+03
2.693653909433874560e+03
2.693812338134006495e+03
2.692641806548350814e+03
2.698798357412209953e+03
2.703192896748479143e+03
2.705031875469996066e+03
2.703345384914991428e+03
2.702973014754129508e+03
2.707053267834861344e+03
2.707052770219971990e+03
2.707957370802484547e+03
2.712497342495290013e+03
2.712948927922290750e+03
2.706265771295770719e+03
2.700367038918637718e+03
2.704370732027032318e+03
2.709453898323908561e+03
2.710885461456431585e+03
2.711922252432904770e+03
2.715663381002370897e+03
2.714405353125234342e+03
2.714055397869203262e+03
2.714919270937517467e+03
2.717706959707131318e+03
2.725988264293355314e+03
2.723609811606488620e+03
2.723140222585891934e+03
2.719150687806651604e+03
2.719305220657708105e+03
2.719092069752341558e+03
2.718930117036292813e+03
2.720497616778659904e+03
2.723930648137150001e+03
2.727671250580111973e+03
2.723897117720791357e+03
2.721804178123826205e+03
2.721152115703071559e+03
2.717635842725797374e+03
2.718331732349296544e+03
2.719637119710655952e+03
2.719937074189159375e+03
2.720357406913745763e+03
2.725358919011566286e+03
2.718262449536448003e+03
2.722641120716313708e+03
2.724282527988443235e+03
2.721408745000440831e+03
2.723746233230826874e+03
2.726634048519866610e+03
2.728621819338788555e+03
2.727500294796761409e+03
2.727362083821630677e+03
2.733351993095458511e+03
2.728329149257084282e+03
2.729568654859074741e+03
2.735322969397676388e+03
2.727919578977963283e+03
2.735789070711982731e+03
2.736301408717625236e+03
2.734679030413188684e+03
2.740348745515211249e+03
2.742377404644686521e+03
2.744960768630814528e+03
2.741983121818208019e+03
2.737446715705035786e+03
2.736028192501472404e+03
2.732774563975796809e+03
2.737571448075774242e+03
2.736714138074878065e+03
2.741355990398132690e+03
2.739065796129775208e+03
2.740935665305546081e+03
2.742274133102709129e+03
2.741924132636491777e+03
2.748058119908013396e+03
2.751323689682194527e+03
2.751056302289439827e+03
2.748617222996460441e+03
2.747351488583529772e+03
2.748210512132238364e+03
2.755415026826184658e+03
2.757330251229959231e+03
2.756268623089205903e+03
2.754375954429984176e+03
2.748448136940197855e+03
2.750266581794060585e+03
2.755719664582975838e+03
2.751246479272813303e+03
2.755198544947711980e+03
2.757913690739349022e+03
2.760446943592750813e+03
2.764169577470088825e+03
2.762157003220688694e+03
2.766351863732872062e+03
2.767412357732059718e+03
2.767126017277852043e+03
2.763699814920347308e+03
2.760973527168856435e+03
2.761629423268581832e+03
2.761135399510991192e+03
2.762060227088168631e+03
2.768235601070954999e+03
2.768581165839106234e+03
2.768561479614160817e+03
2.764529246298627186e+03
2.765722544459144956e+03
2.764273393820446017e+03
2.765930866988617709e+03
2.772328839255009825e+03
2.772610885836099442e+03
2.775693923949419514e+03
2.777175031401427987e+03
2.782406577296828345e+03
2.788379787721939920e+03
2.791129940438896938e+03
2.795955373215917916e+03
2.796372895481173600e+03
2.791782315040306912e+03
2.789164562473697970e+03
2.789386156948268763e+03
2.788994686627870578e+03
2.789476968731921261e+03
2.787039964596232039e+03
2.789042417098729402e+03
2.785144407398704971e+03
2.785513224432210336e+03
2.784273635349743017e+03
2.789812249266828076e+03
2.789668212450698320e+03
2.789680265980445711e+03
2.792738477265390429e+03
2.797254440739897291e+03
2.794298147099845210e+03
2.798483531298366415e+03
2.804733386574671385e+03
2.800761175220172390e+03
2.802331471866548327e+03
2.804667149533449447e+03
2.800857200322913741e+03
2.801928144706058447e+03
2.803724293361147829e+03
2.799298237152885577e+03
2.799307499410841956e+03
2.803658849004833883e+03
2.804120977014801610e+03
2.804977458492427559e+03
2.806741707216142913e+03
2.815464181292222293e+03
2.811507664498056329e+03
2.810195023632563334e+03
2.817925121512830628e+03
2.822003568180793081e+03
2.821412299148803868e+03
2.817704799584903412e+03
2.814643262896363467e+03
2.814628104056068423e+03
2.811481646930580155e+03
2.810781421817011051e+03
2.811570959102424240e+03
2.812063762046395823e+03
2.812260123146882052e+03
2.812753524521052441e+03
2.808059443622787512e+03
2.811346069497317330e+03
2.814093925572316948e+03
2.816053604637500030e+03
2.811344338122797581e+03
2.815246575506303088e+03
2.814676388459785358e+03
2.815411336235957151e+03
2.810953140521693513e+03
2.810360008723367173e+03
2.815833868028086727e+03
2.811775227762215309e+03
2.811631438549361974e+03
2.813556019676121650e+03
2.820093986772185872e+03
2.824107303561882418e+03
2.827614053375220465e+03
2.829891645476787289e+03
2.826969646791765172e+03
2.825649015738102207e+03
2.829313850218144125e+03
2.824202309441587659e+03
2.816681636180300302e+03
2.820468676448082533e+03
2.822717627935150176e+03
2.816649013465603275e+03
2.818915513468317386e+03
2.817190055825652053e+03
2.809064319244208491e+03
2.815293693537415948e+03
2.819238748380895686e+03
2.821376461177521833e+03
2.816095961974731381e+03
2.817008058150619036e+03
2.817866713876020640e+03
2.819403748589797488e+03
2.813788508280334099e+03
2.815360229172887557e+03
2.818939515170714458e+03
2.819820932642880052e+03
2.820394139169523442e+03
2.818776500260667035e+03
2.821314295037731426e+03
2.823284170315713254e+03
2.821884609025811642e+03
2.825702887683152767e+03
2.825646533381283461e+03
2.823781654113708100e+03
2.822500548514214643e+03
2.829438683232224321e+03
2.831541352443559390e+03
2.829659216700169509e+03
2.828949112762218647e+03
2.829398562889098685e+03
2.823975179458928778e+03
2.818193049748413614e+03
2.819621069578166043e+03
2.822528944690543995e+03
2.822212469611054985e+03
2.824470576207111662e+03
2.825933401742111982e+03
2.827830281902377919e+03
2.829686605116398823e+03
2.830551601395913622e+03
2.829679802263486181e+03
2.831148105077661512e+03
2.829834696358765086e+03
2.832454795897178883e+03
2.828756269891847751e+03
2.833463711475129003e+03
2.832280902180982139e+03
2.833844730262609119e+03
2.832510103713590070e+03
2.829119007768380470e+03
2.827409267322929736e+03
2.832665493931166566e+03
2.825595500730230924e+03
2.830517925950779045e+03
2.830350973362825698e+03
2.829035614977215118e+03
2.827660805497015190e+03
2.823553903857188288e+03
2.822293771924852081e+03
2.822702173720916562e+03
2.819992483464367979e+03
2.817424688381006490e+03
2.823561721705869331e+03
2.827841892473030384e+03
2.830559255827490233e+03
2.832257509448588735e+03
2.834781731185770241e+03
2.837386025427877030e+03
2.841045612386593803e+03
2.842168614974867069e+03
2.847028763371338300e+03
2.850196406087745345e+03
2.849044563827361344e+03
2.846698569310718085e+03
2.849256323310778043e+03
2.851042807107246517e+03
2.850672881871146274e+03
2.851880481586355927e+03
2.849140126753635741e+03
2.848275364230615196e+03
2.842142782941322366e+03
2.841375701911817032e+03
2.846640402303267820e+03
2.844024371043459269e+03
2.844468509685382742e+03
2.843415949074990294e+03
2.841541091403334576e+03
2.835885503869308650e+03
2.834223742010761271e+03
2.834681388799365322e+03
2.843170193906182703e+03
2.838297947741186817e+03
2.835217866856415640e+03
2.835774730690213801e+03
2.845326159984719652e+03
2.850415295549240909e+03
2.848481927336858007e+03
2.848598299778563614e+03
2.846178189640746496e+03
2.847234358883210007e+03
2.849226973153352446e+03
2.853150341544855564e+03
2.863772618602717557e+03
2.872769252065296314e+03
2.877216208417717553e+03
2.879121810871748494e+03
2.878230490216725684e+03
2.878949118452213042e+03
2.882342798343018330e+03
2.880059924690225216e+03
2.880683152682243417e+03
2.877680728681194523e+03
2.875365999806343098e+03
2.872765575399194859e+03
2.867826924307464651e+03
2.863396129325857601e+03
2.864517956054520255e+03
2.864457207272291726e+03
2.868593812055064063e+03
2.871017579445996489e+03
2.867755364608835407e+03
2.869396615329258566e+03
2.870946229465614124e+03
2.881683870089997981e+03
2.880308746749093189e+03
2.874818158948051860e+03
2.880470825148909626e+03
2.884144710977372597e+03
2.890421650140406200e+03
