1.438036937665632953e-01
1.576019915346545397e-01
1.647517141453028189e-01
1.689274196573866405e-01
1.716200267515542999e-01
1.730339050752549290e-01
1.738542728825805128e-01
1.746632338440085863e-01
1.750399295060654503e-01
1.757163779739746023e-01
1.760504591486197479e-01
1.759684277931043150e-01
1.755472612006685196e-01
1.759705938204020326e-01
1.761171169320892294e-01
1.763693648351234156e-01
1.765503292254294032e-01
1.767668149826343571e-01
1.773174255404833533e-01
1.776240327097649008e-01
1.773224478334442800e-01
1.772655289018127134e-01
1.773061093250523357e-01
1.772971690642447251e-01
1.774853915698549056e-01
1.770589502289660888e-01
1.769905240935476798e-01
1.769681571619299565e-01
1.773233735366622210e-01
1.776818359566962602e-01
1.774013260711268525e-01
1.775421169631410945e-01
1.773158039892658022e-01
1.773126617567570562e-01
1.774231164499518454e-01
1.773635726633044363e-01
1.777827454038904409e-01
1.775949824106498320e-01
1.773651002514825825e-01
1.774766032072767619e-01
1.778445168726459080e-01
1.776972964797921273e-01
1.771563221245288922e-01
1.775414091484283641e-01
1.776159244271001414e-01
1.777772625274902651e-01
1.775649334065393381e-01
1.777697947394509537e-01
1.772255431799623082e-01
1.770546092217775702e-01
1.773379933536905761e-01
1.776813439222501290e-01
1.777599921159441210e-01
1.775871019098369530e-01
1.777594674706960975e-01
1.772153709540372490e-01
1.771898177385885786e-01
1.772348464010970182e-01
1.776429927429830913e-01
1.777768531127957852e-01
1.775390317582808408e-01
1.777189254463154566e-01
1.779963835755718204e-01
1.779654708956142362e-01
1.777057809185911275e-01
1.774670182102763005e-01
1.776682472068535912e-01
1.774848002647901324e-01
1.773745927383136578e-01
1.774521244398122033e-01
1.775238413386952818e-01
1.780069776965670925e-01
1.775277666506279162e-01
1.774159764280677232e-01
1.775507420015399462e-01
1.774291951429569913e-01
1.775863325715874852e-01
1.776873073942260017e-01
1.777093186758772203e-01
1.775566629034547039e-01
1.775177226068265501e-01
1.774308946521284125e-01
1.776769911927942036e-01
1.776598152008580789e-01
1.781692444925564722e-01
1.779765189474107057e-01
1.775857026290246776e-01
1.774710022813203725e-01
1.772798132814246141e-01
1.774568430054981327e-01
1.774668388011138853e-01
1.774683255327908771e-01
1.775088911668155633e-01
1.777785212219258060e-01
1.771495312959677770e-01
1.774849021188888987e-01
1.776849913026928574e-01
1.778919706172763238e-01
1.777147909275083315e-01
1.773088786558579544e-01
