1.000000000000000000e+04
8.808767802279140597e+03
7.807453585692300294e+03
6.923516897822886676e+03
6.155537737229525192e+03
5.468822972150777787e+03
4.878183773053860932e+03
4.347306607225963489e+03
3.881736760977573795e+03
3.475189610566048941e+03
3.109941515908149995e+03
2.795176207104645073e+03
2.513909264656250343e+03
2.279882729213706170e+03
2.077653112373279328e+03
1.901544146480919153e+03
1.751637967855968554e+03
1.640582245575320485e+03
1.531365583099742480e+03
1.444239838910252729e+03
1.380574475597894207e+03
1.334251421918170536e+03
1.291974827965415670e+03
1.258158480989472764e+03
1.228793655868809765e+03
1.198959165152537935e+03
1.177416444993782761e+03
1.159574449686357184e+03
1.151748663688093302e+03
1.141973438186326803e+03
1.134377747131083424e+03
1.126875558817172532e+03
1.117328600867753039e+03
1.115198665202582788e+03
1.108804185263255704e+03
1.108467063654496314e+03
1.107853443130548385e+03
1.115286080619289351e+03
1.109812786835941552e+03
1.108827980111138004e+03
1.100095556298741258e+03
1.100857025538313110e+03
1.110300392588933391e+03
1.116408233683500157e+03
1.114168075299075099e+03
1.117998661933523181e+03
1.106131628996191694e+03
1.102526027170576072e+03
1.106469869516926565e+03
1.104764561497032446e+03
1.104742256190924536e+03
1.102745393510494750e+03
1.103477136493634134e+03
1.105840168789718518e+03
1.103251565963060557e+03
1.099304228241565625e+03
1.103621719416337555e+03
1.109103452191402312e+03
1.100150037727341441e+03
1.101028189745931968e+03
1.101419350646812745e+03
1.104115232071226728e+03
1.102012386894941983e+03
1.103032406088691687e+03
1.103846660933183102e+03
1.106189045541921132e+03
1.103443935287341219e+03
1.104337951338431367e+03
1.104155060480440852e+03
1.105752170338098949e+03
1.104937291165922034e+03
1.101369233819937790e+03
1.094695396228551090e+03
1.097160337023971806e+03
1.105776993605717280e+03
1.108031948084660826e+03
1.109249929025722395e+03
1.115553174855891939e+03
1.109211708154148937e+03
1.120050129186799950e+03
1.114682301299826577e+03
1.113198105076184220e+03
1.117966075566963582e+03
1.114525092965121075e+03
1.113869672654294845e+03
1.116934491735240954e+03
1.120658813576703096e+03
1.118258991959110062e+03
1.115680085251737864e+03
1.117007709093819130e+03
1.117428129209113877e+03
1.111581747250903845e+03
1.107782824602305936e+03
1.104114402243878203e+03
1.107633425446012780e+03
1.105706529473348382e+03
1.108614404831202819e+03
1.110009678207074785e+03
1.117222556278236425e+03
1.112747448064307946e+03
1.110741129574824981e+03
1.107543202608582988e+03
1.112524986625957354e+03
1.119790278612785869e+03
1.120466760449564390e+03
1.112669229116107772e+03
1.109566652493241236e+03
1.112428234430451084e+03
1.108439708100081816e+03
1.112676683061807807e+03
1.119072823235960186e+03
1.123878870244173640e+03
1.125516085692297793e+03
1.124253865969059461e+03
1.117334860453920555e+03
1.111356618417979007e+03
1.110654994740980101e+03
1.113780146847012475e+03
1.120379508417699981e+03
1.123746424271425212e+03
1.130386650793806893e+03
1.122053550105450768e+03
1.124504742756264932e+03
1.121074625174539278e+03
1.119733420030262550e+03
1.116801692281348323e+03
1.119190768036941108e+03
1.121360387413692024e+03
1.118783892479454153e+03
1.117073843303556941e+03
1.128315102078264772e+03
1.125250163185423389e+03
1.127055027298408049e+03
1.121030705307351127e+03
1.119110072315053458e+03
1.118711577033065851e+03
1.115467714656228054e+03
1.115862324388343495e+03
1.119031201211931148e+03
1.123948427077858696e+03
1.123370818128052179e+03
1.123856788481037029e+03
1.128954070535459095e+03
1.127267164959213687e+03
1.118522411639639358e+03
1.122667318871430325e+03
1.124944913164649961e+03
1.122155621755676748e+03
1.126147435604664679e+03
1.129526704461043437e+03
1.121072583375063459e+03
1.127317752728487903e+03
1.125032621667537569e+03
1.117369691692691049e+03
1.124260825796141944e+03
1.127323985983060538e+03
1.129435219885330980e+03
1.117386197233773601e+03
1.123870962463043043e+03
1.121755681895686621e+03
1.120185573151955168e+03
1.118665536264274351e+03
1.120677215283652686e+03
1.121242288797998981e+03
1.124509699136553991e+03
1.126474696692757107e+03
1.129654624144060335e+03
1.127991048043141973e+03
1.122548544431457913e+03
1.114974405072661511e+03
1.116114932011844076e+03
1.119832749807287200e+03
1.116812076947938067e+03
1.118252755265439191e+03
1.127059611732000803e+03
1.120767330506615053e+03
1.115499287107983719e+03
1.117057868579113574e+03
1.111972522225405555e+03
1.118715937470500421e+03
1.126072677038150005e+03
1.126185494466404180e+03
1.128269143745622614e+03
1.119385000293582834e+03
1.115190757333926058e+03
1.119689385498376623e+03
1.122128887064215860e+03
1.124874797014172373e+03
1.126491012905271191e+03
1.123719961125710824e+03
1.125775197447951996e+03
1.131765495601656312e+03
1.124272841607769351e+03
1.120943590538698572e+03
1.116465819080137862e+03
1.119090857818482164e+03
1.114232755894467346e+03
1.120323110441398512e+03
1.118635257617502020e+03
1.118695440767009813e+03
1.123765946523433286e+03
1.125125741462766200e+03
1.121183009768736611e+03
1.119789408484621845e+03
1.119205654750584699e+03
1.117398905621404538e+03
1.117229614117050005e+03
1.125049615054172818e+03
1.120076769160313688e+03
1.126473308792948956e+03
1.126924575499757339e+03
1.118470753656073612e+03
1.123599521256323214e+03
1.124590482247521550e+03
1.124030038674127354e+03
1.122109272789532270e+03
1.115652723689330287e+03
1.115262652193579697e+03
1.113325965235465674e+03
1.114236255604522739e+03
1.119566600045920495e+03
1.129661179565392331e+03
1.129888893695024308e+03
1.132480881881259847e+03
1.130082289275091398e+03
1.128291464329287237e+03
1.126000528489256112e+03
1.128590596794189423e+03
1.136763704557281017e+03
1.132886151126296681e+03
1.134824628996530009e+03
1.136539804601039577e+03
1.133861712940139569e+03
1.131942513317604835e+03
1.129771402875497643e+03
1.126715659168850152e+03
1.126430750054240434e+03
1.126991374995521937e+03
1.132987502436110617e+03
1.131722321669385110e+03
1.131684415699252440e+03
1.131505175313226118e+03
1.134294784676229028e+03
1.133209250416879286e+03
1.130353269913652184e+03
1.123309257204780124e+03
1.131807725122178226e+03
1.125440160558442585e+03
1.129983403388809393e+03
1.137689501061254532e+03
1.134126280559867155e+03
1.129524138779115447e+03
1.123454725542584129e+03
1.122251119443292509e+03
1.120391965856648767e+03
1.130770601073774742e+03
1.127126356274517775e+03
1.122846012928216851e+03
1.131509556422574178e+03
1.136018828811999128e+03
1.130644902080110569e+03
1.130572745258956957e+03
1.127981275552198213e+03
1.128297027984446231e+03
1.125605730517010215e+03
1.120719870027518027e+03
1.123970317335631762e+03
1.121969784429718857e+03
1.123025637409251658e+03
1.129826748121449100e+03
1.132379775365077876e+03
1.128571817203310957e+03
1.126461393357055613e+03
1.128212628110912419e+03
1.123183647421338037e+03
1.133632271342511103e+03
1.124535169426856555e+03
1.126723255029019356e+03
1.126733793714148987e+03
1.133985056504365730e+03
1.134315483428794096e+03
1.126647752770021725e+03
1.129735598620214432e+03
1.126629260348783646e+03
1.128317056129501680e+03
1.129301026251197527e+03
1.119747582067939220e+03
1.123854149737016087e+03
1.115507846910717490e+03
1.121405424664752672e+03
1.124535108554052840e+03
1.122935693192953522e+03
1.118181460750188535e+03
1.118430386714538599e+03
1.118456102366204277e+03
1.124001425093486205e+03
1.131644822512077099e+03
1.132225143376250344e+03
1.131096882769234526e+03
1.138378465326494052e+03
1.130912191583468029e+03
1.128125977317866727e+03
1.128888334241377379e+03
1.130675139110615646e+03
1.132401198363094181e+03
1.132896897941637235e+03
1.130903713738068973e+03
1.122877276861374412e+03
1.125726152286486013e+03
1.126051045990219336e+03
1.119734461133785089e+03
1.118858962197451092e+03
1.115149596369358278e+03
1.119502051089180213e+03
1.116615213111832645e+03
1.112354408376044603e+03
1.117208124450052765e+03
1.117104158874443101e+03
1.117788305877325683e+03
1.118212543964926226e+03
1.120208552973569113e+03
1.121447633349192529e+03
1.128272695498519852e+03
1.125325971827745207e+03
1.123107822962083446e+03
1.124513319104271204e+03
1.129328281155001832e+03
1.128475967613321245e+03
1.130133759574257056e+03
1.126958310465409568e+03
1.121187359229741105e+03
1.114098093293644069e+03
1.118517615032989170e+03
1.120152965527413471e+03
1.126434108042557000e+03
1.120615250659258663e+03
1.121468605966711948e+03
1.128321746259201291e+03
1.128118905725055811e+03
1.128714790956344132e+03
1.126704796654566280e+03
1.134333592046895092e+03
1.136662249460989187e+03
1.132893966333220533e+03
1.146400624428898936e+03
1.137340119404355164e+03
1.136689630106037612e+03
1.131656634744323583e+03
1.135324318541633602e+03
1.130612773067965009e+03
1.130283355571744096e+03
1.130715387810458424e+03
1.136614208293442289e+03
1.133299102018035455e+03
1.133797597974013570e+03
1.136913464606927846e+03
1.140214226606292186e+03
1.135515371329652226e+03
1.128913497872277503e+03
1.133850170022858947e+03
1.130227376242483842e+03
1.131270276743308386e+03
1.131427620777251377e+03
1.127446272299190014e+03
1.135649276950590092e+03
1.137634298864597895e+03
1.135511367157998166e+03
1.134600582820202362e+03
1.131233501663581819e+03
1.130930963041477753e+03
1.130725080154796160e+03
1.135744809376752528e+03
1.131755012979506773e+03
1.138779833793425723e+03
1.141597652435136979e+03
1.135610072427219848e+03
1.135386315846264779e+03
1.132096472958392042e+03
1.125702355437473443e+03
1.130552632940101603e+03
1.133692819328586438e+03
1.137987910441972190e+03
1.141916703122960826e+03
1.133100100578118600e+03
1.132710723222658089e+03
1.130901566092045414e+03
1.128146633768471020e+03
1.135606489903727152e+03
1.137572532183754220e+03
1.139845801884148386e+03
1.142748099490911727e+03
1.138946208655560895e+03
1.131233250430040925e+03
1.133812225575265984e+03
1.134073604539534472e+03
1.132490136250853311e+03
1.130766977331977841e+03
1.129517736651316227e+03
1.129451380365921750e+03
1.128309044537389354e+03
1.129319174861453575e+03
1.124006630634020439e+03
1.126592581893273064e+03
1.131381025225161693e+03
1.131056246882273172e+03
1.145011874751631012e+03
1.138036979323378318e+03
1.130476336897549118e+03
1.131517137571561307e+03
1.126045772342033160e+03
1.129342980373895898e+03
1.128705532280430134e+03
1.135478636145727251e+03
1.128711221381777250e+03
1.128955856275994165e+03
1.128278693456363953e+03
1.123619113055917978e+03
1.124653035928463396e+03
1.121892468102760176e+03
1.122930546963210645e+03
1.123230455126914649e+03
1.123536339306609307e+03
1.121836690781618699e+03
1.118982739257656704e+03
1.122730225312824587e+03
1.126528931785931491e+03
1.129079716167584138e+03
1.125424140458856755e+03
1.127205979168122894e+03
1.128268795266165625e+03
1.137325978401328030e+03
1.132697192532186591e+03
1.132021566851341731e+03
1.133700786344235894e+03
1.125037056268733522e+03
1.120910036923524103e+03
1.133052692834585969e+03
1.126269836176807303e+03
1.124700149679411197e+03
1.121896963826134197e+03
1.128052655980084637e+03
1.127100748973343570e+03
1.130853260150760434e+03
1.127370505439938597e+03
1.126480874076926739e+03
1.126421078563436822e+03
1.129437068939935216e+03
1.130744820692890698e+03
1.127625855837087101e+03
1.125965022769543793e+03
1.133493890323890355e+03
1.130435548241427114e+03
1.132802095034636750e+03
1.133501462497584271e+03
1.134800861139611015e+03
1.132127170600006593e+03
1.134892935448631533e+03
1.132588615565765394e+03
1.129758328812380341e+03
1.132402924739861419e+03
1.140615221861074815e+03
1.138701629554278952e+03
1.129143735604904123e+03
1.131587686249088620e+03
1.132239544185222030e+03
1.128225823057839989e+03
1.125366945750324703e+03
1.124033634797309560e+03
1.122001263968518288e+03
1.128696993872701569e+03
1.126150413164906695e+03
1.117566567781901995e+03
1.124006429645363141e+03
1.119265602743035515e+03
1.118118928603582162e+03
1.117312313149651345e+03
1.124062691446791177e+03
1.123792732447700701e+03
1.134268771497155740e+03
1.135496532811531779e+03
1.132692774355311258e+03
1.133659499194207001e+03
1.127017207360401926e+03
1.129816712361352984e+03
1.124700810088447724e+03
1.131116383625541403e+03
1.133833765890705536e+03
1.137138436032302479e+03
1.139448674262461509e+03
1.134132816154655529e+03
1.132836537608386834e+03
1.130499055686786960e+03
1.132242220729722931e+03
1.128964049346597903e+03
1.137414372140933210e+03
1.143351015507323382e+03
1.139612222827758387e+03
1.146537397296898689e+03
1.147806675559951827e+03
1.142896260194578645e+03
1.136989805342529735e+03
1.135463646139199227e+03
1.135042402848601569e+03
1.133700461272780785e+03
1.129202139167991163e+03
1.135632648013997141e+03
1.141357628425434768e+03
1.141197391124991100e+03
1.141836026339356749e+03
1.135533221105611347e+03
1.129623565091518003e+03
1.126517981094216566e+03
1.135567364353021730e+03
1.132108964182842101e+03
1.129626337485419299e+03
1.133053333923388664e+03
1.128798617816671822e+03
1.131045811985721002e+03
1.130725149487712997e+03
1.131233660843359075e+03
1.127437282572846925e+03
1.127528310657233760e+03
1.130615016725095984e+03
1.124093808123872805e+03
1.128821338704636219e+03
1.122373287820287942e+03
1.121068470239242743e+03
1.129536368932502228e+03
1.125714606607390806e+03
1.124379493897406519e+03
1.130019791025499899e+03
1.130309146144341639e+03
1.126254706066876224e+03
1.123832014006185545e+03
1.132583846371846448e+03
1.130365357485955428e+03
1.133357829935939662e+03
1.136139842253522374e+03
1.135430522826677816e+03
1.128318297774119173e+03
1.131453807391210830e+03
1.136223080279357873e+03
1.129853949897475331e+03
1.131724653558820592e+03
1.135185459253056933e+03
1.133542507391796789e+03
1.133031435694715356e+03
1.143043658745068797e+03
1.138659628337877393e+03
1.130251485277899974e+03
1.131078764512052658e+03
1.127519663237873601e+03
1.126434428787864590e+03
1.125951593957651539e+03
1.125845135090548183e+03
1.127118380065180418e+03
1.131810957957398614e+03
1.135341048363464097e+03
1.140350738634485879e+03
1.135213436837271274e+03
1.136988435917350444e+03
1.132237052805206986e+03
1.133274362582769982e+03
1.136483567306110217e+03
1.136872147997358979e+03
1.129820688390053647e+03
1.127541748345450287e+03
1.124073167342607348e+03
1.123499988108440220e+03
1.127406247019268221e+03
1.130055095348052873e+03
1.130966984074218317e+03
1.128545895874394319e+03
1.130564411084864560e+03
1.135822550582698796e+03
1.135763903418830978e+03
1.130303803577884992e+03
1.130405912182132852e+03
1.129988904464385996e+03
1.132148893990968190e+03
1.137810913158395124e+03
1.140109723014709289e+03
1.142453572351725597e+03
1.137312380491254771e+03
1.136216243608301056e+03
1.129400119462465454e+03
1.133275513861012541e+03
1.136229790581038515e+03
1.136256233344406382e+03
1.132502687370849571e+03
1.133784989914444395e+03
1.133356399424023266e+03
1.131205926017783440e+03
1.135607919938103350e+03
1.133868716185659878e+03
1.125982402446069273e+03
1.131298658354359986e+03
1.133736284983287533e+03
1.125988833148673166e+03
1.126157769663752788e+03
1.123839024332904955e+03
1.124998332267924752e+03
1.125414622165468472e+03
1.128911860396663769e+03
1.127083586665075245e+03
1.125330485036743084e+03
1.125715928532118369e+03
1.122982794076270466e+03
1.123284264598291884e+03
1.125660101032185594e+03
1.124501701460738104e+03
1.123278255436305699e+03
1.128355835009129805e+03
1.131908495012105277e+03
1.125422934022963318e+03
1.138163307217429747e+03
1.131352050640066864e+03
1.124031441987990775e+03
1.130093548002249463e+03
1.128837941229419584e+03
1.131263726090774298e+03
1.128874707185806074e+03
1.134499290085489065e+03
1.135981904370298253e+03
1.132684267598787983e+03
1.136664984670879903e+03
1.140002987757901110e+03
1.139768605483232932e+03
1.136571152411731418e+03
1.133667189010628135e+03
1.136156598680050138e+03
1.134251612140107682e+03
1.132820225213409458e+03
1.136864407453911326e+03
1.130408011018574371e+03
1.125544096887427941e+03
1.126971176505014455e+03
1.128409497852273489e+03
1.128400546503769647e+03
1.128217968244845451e+03
1.132951333742485303e+03
1.141136226008875383e+03
1.138176005254814527e+03
1.131456233303110821e+03
1.133289527833169586e+03
1.135427983221333307e+03
1.132134560971114524e+03
1.130163073265156072e+03
1.137659246903608846e+03
1.135500467435417931e+03
1.125548238437093687e+03
1.130048908565401462e+03
1.123183524297163331e+03
1.124178692265511472e+03
1.128232978830647198e+03
1.127330347581385013e+03
1.125064942561059752e+03
1.127152563651774017e+03
1.121023206682825730e+03
1.127684936521523468e+03
1.128613298891157001e+03
1.132293210265900370e+03
1.132611725534602328e+03
1.130851333174914771e+03
1.131669119401731223e+03
1.133344174268419010e+03
1.128522698062530253e+03
1.129176814983363329e+03
1.130823967987944116e+03
1.128560479892128114e+03
1.131511414488445098e+03
1.131080959827454990e+03
1.132152218809802434e+03
1.126466926992218532e+03
1.122831682812435247e+03
1.118846361987485352e+03
1.125253040411261964e+03
1.124727919361539080e+03
1.127411618664552634e+03
1.128153573036848229e+03
1.137806097640394682e+03
1.125854691121420501e+03
1.129334128898426343e+03
1.131538791980190808e+03
1.131842145778465920e+03
1.127063483703751444e+03
1.135030950585347227e+03
1.136289745188887991e+03
1.136964274618601621e+03
1.128838086234302864e+03
1.134682896912209571e+03
1.134282840165375546e+03
1.134050585006298661e+03
1.128949539009212913e+03
1.124237753398347650e+03
1.130047340030397208e+03
1.130957302975549055e+03
1.138083579186956968e+03
1.136988251466607380e+03
1.126768672695111491e+03
1.128460980632264864e+03
1.134297729516863910e+03
1.142866912208316535e+03
1.135690691594530563e+03
1.130291720108936261e+03
1.125584502128714803e+03
1.129546061384517770e+03
1.130946044055380298e+03
1.134799213799713925e+03
1.137155781507655774e+03
1.134399575953014846e+03
1.138347186771149154e+03
1.130624323678378460e+03
1.137075688639118653e+03
1.138791954540285360e+03
1.142048667650743482e+03
1.138780199662948462e+03
1.140149307676416129e+03
1.138336131298390455e+03
1.136597805384242520e+03
1.135306525047297555e+03
1.130730333050184299e+03
1.124228682531035020e+03
1.129924752696080532e+03
1.134422504564944575e+03
1.134292627422184523e+03
1.128452968864796503e+03
1.124424439470432162e+03
1.131000120822150166e+03
1.128431540514337712e+03
1.131444497532138030e+03
1.133281997704418245e+03
1.129205378317911254e+03
1.127551516992525876e+03
1.127100840113828326e+03
1.126187505226406984e+03
1.124113484167847901e+03
1.124738162094102336e+03
1.126522810749100927e+03
1.125720981993110172e+03
1.124684590167805254e+03
1.124414881310591682e+03
1.130262932133584854e+03
1.126122703531314983e+03
1.121959461915133261e+03
1.122659892920053380e+03
1.124852717651628836e+03
1.128496540275707275e+03
1.135458400286340066e+03
1.138986358194591730e+03
1.136260344882905656e+03
1.129369091329243702e+03
1.128931806247082932e+03
1.130118983484900127e+03
1.133671170991342478e+03
1.140329089494397522e+03
1.133691960944902348e+03
1.134575005321582466e+03
1.134732524067917439e+03
1.134761127159313901e+03
1.124600935866170403e+03
1.137236846928750310e+03
1.132952845154788974e+03
1.131541524813006617e+03
1.124182614707881612e+03
1.119775129795125849e+03
1.122131537059012999e+03
1.124341822335532243e+03
1.122657991817572793e+03
1.123796359581011075e+03
1.120453875255024286e+03
1.131678858543627939e+03
1.129826601416290941e+03
1.129489606626191744e+03
1.131902722543237132e+03
1.132338152504513346e+03
1.130782330905729395e+03
1.128293868520586784e+03
1.135598200583410289e+03
1.132283719055307756e+03
1.130110262611638291e+03
1.136022284736494157e+03
1.143185406863675325e+03
1.133187895240361740e+03
1.128076219302552545e+03
1.136620997817707121e+03
1.142189897727986136e+03
1.144067088062574385e+03
1.137717682885787326e+03
1.129107967067354821e+03
1.135581881979782565e+03
1.134738092106680369e+03
1.134601051165952185e+03
1.140551407720284942e+03
1.136102287609106270e+03
1.138485844122667913e+03
1.141117745515350180e+03
1.131313403759853145e+03
1.138141297407800948e+03
1.137186364773641799e+03
1.133657681876413108e+03
1.131959722687564181e+03
1.131823069189913213e+03
1.137081683885505299e+03
1.139799315848930974e+03
1.135180623199735237e+03
1.138854981738617653e+03
1.141630511644407534e+03
1.136676640102575448e+03
1.132368324904232168e+03
1.127272808821904391e+03
1.130704945476966259e+03
1.138575517917276329e+03
1.130868290046319999e+03
1.133488412181540070e+03
1.133090289597634865e+03
1.134964434040260585e+03
1.128799735292363721e+03
1.135259661556865922e+03
1.134655293602968641e+03
1.131268791187981151e+03
1.127587154350692572e+03
1.126206483452892144e+03
1.134264282603251786e+03
1.132671500427502906e+03
1.127295065475806496e+03
1.129625931785573812e+03
1.131091025924863970e+03
1.131405497758177489e+03
1.126142247467054858e+03
1.129706361657946900e+03
1.138596251873229221e+03
1.134341924054553601e+03
1.136192262487209746e+03
1.137410206456460855e+03
1.139347926071858183e+03
1.138421839477060757e+03
1.133801732311811747e+03
1.140535413351429270e+03
1.136721086756210980e+03
1.133972634476301891e+03
1.126648381149660054e+03
1.129307849998493566e+03
1.124282500210737680e+03
1.122585415335249991e+03
1.123381162027099435e+03
1.144832438924644748e+03
1.142691970257512821e+03
1.138863782676478650e+03
1.132227489293036570e+03
1.133106980856781547e+03
1.130734462656164396e+03
1.126529477887971098e+03
1.124349090462985714e+03
1.124854466219600226e+03
1.130011958336568796e+03
1.133060166543607238e+03
1.140917486802398116e+03
1.137769718295459370e+03
1.137222088804363239e+03
1.130370512230854501e+03
1.132275441276316997e+03
1.135372714463685725e+03
1.132027737685293914e+03
1.131577068385774055e+03
1.128859398760764634e+03
1.128219701560307840e+03
1.127720049929369907e+03
1.134162846916337685e+03
1.136415735579254033e+03
1.132112437989179398e+03
1.132254982305607655e+03
1.137274229784020918e+03
1.134840543293128349e+03
1.124724197419298434e+03
1.129394264163350499e+03
1.131653090751663058e+03
1.128067938499982120e+03
1.121948752123761324e+03
1.122980288080520950e+03
1.119346784895576548e+03
1.127084199754095835e+03
1.121189523643803568e+03
1.126485957070956829e+03
1.131310092434886428e+03
1.130703752234482863e+03
1.132185092286277495e+03
1.128742063935681699e+03
1.131673065339806044e+03
1.130535603195669182e+03
1.133536971249764520e+03
1.128160136532882234e+03
1.136683678531524947e+03
1.141270528364879738e+03
1.144655355989235204e+03
1.144529023037768638e+03
1.146941881961397712e+03
1.143489652967416987e+03
1.142313311622776382e+03
1.139681343837118447e+03
1.136913798832071052e+03
1.138691116606059268e+03
1.136095970822811751e+03
1.133462105105906858e+03
1.133267036485153767e+03
1.133697899701759752e+03
1.136677442449718455e+03
1.134636343572530222e+03
1.128610794884011511e+03
1.129360791063716988e+03
1.129654275557792744e+03
1.129470954830841492e+03
1.130093313380491509e+03
1.129923552290533280e+03
1.137276364035170673e+03
1.142298246504002236e+03
1.141634090138011061e+03
1.145127483083270590e+03
1.137924623038888740e+03
1.130584957584935182e+03
1.126003406614466712e+03
1.124345134062136140e+03
1.128444684032883742e+03
1.131020367372490227e+03
1.130914726229795406e+03
1.124601083415350104e+03
1.128711832297731917e+03
1.138124421105634838e+03
1.134544698406464477e+03
1.125861875250548792e+03
1.128357998582606797e+03
1.133848278521727934e+03
1.131917973440300102e+03
1.139101158793784634e+03
1.141506890053123016e+03
1.135365424556648350e+03
1.139403451717766984e+03
1.136739137763589042e+03
1.134870910129100139e+03
1.130196306096563603e+03
1.129610633211192862e+03
1.134029234537640832e+03
1.132604894257067599e+03
1.137087925734352893e+03
1.135178436993692230e+03
1.129213692117431037e+03
1.127643202091076773e+03
1.119496645196534473e+03
1.126968330095189003e+03
1.122722122397599378e+03
1.125348363769141542e+03
1.128254161881909340e+03
1.125722116304517385e+03
1.127536996328622536e+03
1.126292492080920738e+03
1.133549794196921766e+03
1.134454359308087987e+03
1.139387508989564139e+03
1.138817062626525967e+03
1.137083106354252095e+03
1.132936969356713007e+03
1.136023396170108981e+03
1.134017155681068061e+03
1.126218475023725432e+03
1.123591692617651688e+03
1.124532195920201048e+03
1.122226237158479762e+03
1.123916421231398772e+03
1.125634056838627203e+03
1.127630846337722005e+03
1.131970627340068404e+03
1.126020069315204637e+03
1.130369815511483694e+03
1.126478957525447186e+03
1.129052917354116971e+03
1.132000179694029839e+03
1.130357110265487336e+03
1.129489710771747923e+03
1.129812922760896754e+03
1.130669553005515354e+03
1.133565405037987148e+03
1.137979721217012866e+03
1.132307678172949409e+03
1.125632150058215529e+03
1.129188738343159912e+03
1.128257837862296583e+03
1.124912886429074206e+03
1.123318091774938239e+03
1.129101365195959488e+03
1.129176535572577450e+03
1.130997374713835143e+03
1.132493207025811898e+03
1.133482899965888237e+03
1.129822021804101269e+03
1.131704532129308063e+03
1.137195006375738785e+03
1.136474046081133793e+03
1.135914963941946326e+03
1.135038898021382010e+03
1.142759464991176856e+03
