2.355758166152745747e-01
2.333972854776142358e-01
2.312655622723195914e-01
2.295896015503869070e-01
2.277414244529940013e-01
2.256386486530850555e-01
2.243528421133458295e-01
2.222288210349972759e-01
2.214593716643750987e-01
2.202780395560140769e-01
2.196658812804613281e-01
2.181030570560244519e-01
2.180069144284626503e-01
2.176538566987272216e-01
2.164016364005403037e-01
2.149051395446434087e-01
2.149530401624062392e-01
2.150115095459385894e-01
2.145034454612143593e-01
2.140018501415335839e-01
2.136980196169525614e-01
2.127388107706226494e-01
2.120183112725181618e-01
2.118890826554626627e-01
2.117732540069083291e-01
2.107918933351347612e-01
2.104145311684294806e-01
2.102067403107786003e-01
2.095413858379868988e-01
2.100993858698346761e-01
2.094093996430093363e-01
2.092190375329716912e-01
2.090122582881170643e-01
2.085948984966142783e-01
2.087173273359279324e-01
2.090148081441706718e-01
2.086864601927801710e-01
2.081254153413829022e-01
2.078806317991830355e-01
2.070739882075784410e-01
2.069602795295508169e-01
2.067249418040179032e-01
2.063433490585038221e-01
2.062848182957821852e-01
2.061471926603506699e-01
2.063638222679425871e-01
2.064775102565264697e-01
2.057689699766218350e-01
2.058470401096436919e-01
2.054806522951273529e-01
2.054635870622562310e-01
2.051932699682106065e-01
2.049856232272053713e-01
2.040835438122749479e-01
2.041905760965097294e-01
2.034154851175592194e-01
2.036774925626874400e-01
2.043208993031120912e-01
2.042549927251766095e-01
2.042005124813104089e-01
2.045199504646788846e-01
2.035406372634190053e-01
2.037174953659066645e-01
2.028468047441422117e-01
2.031431510101577853e-01
2.036328923459335694e-01
2.040823410439688845e-01
2.040454495119889688e-01
2.040131705965717301e-01
2.041590423237182317e-01
2.042078915100187797e-01
2.044715660238201060e-01
2.046360855397621747e-01
2.047698715329103192e-01
2.048145199890812895e-01
2.042847662667207909e-01
2.042985026556423667e-01
2.040935219022667890e-01
2.045447431302133412e-01
2.047268617274688451e-01
2.043160955034533099e-01
2.042501362324511405e-01
2.035647984635334251e-01
2.036429701794263691e-01
2.031469550347828612e-01
2.030106838392644886e-01
2.025070612798480496e-01
2.029001709196128211e-01
2.025153008754892181e-01
2.035319204914490809e-01
2.028802726697929437e-01
2.029497992673596762e-01
2.027984484932597309e-01
2.032691163622207253e-01
2.024537102868134431e-01
2.022451649020980124e-01
2.027566658348900763e-01
2.022950338639501744e-01
2.014829735511938225e-01
2.011843577164413865e-01
2.011757131983315239e-01
2.013523839200002663e-01
2.018815170970556794e-01
2.017212753729083485e-01
2.012729627217571815e-01
2.014213118236825029e-01
2.010092185221575289e-01
2.015962923709634091e-01
2.012917476293675512e-01
2.007590518108730848e-01
2.011251373494370720e-01
2.004594644080464061e-01
2.004762273831310615e-01
2.006776442311939690e-01
2.009363844980397162e-01
2.011399965978039328e-01
2.007292741521728707e-01
2.005621038878962481e-01
2.003447376084737108e-01
2.000578914319512680e-01
2.008534221640884132e-01
2.002671520902893354e-01
1.995432269365050859e-01
1.997858547784729100e-01
2.001292605678400005e-01
2.005814973151746339e-01
2.008973182252729861e-01
2.007094137799768085e-01
2.003409852636228172e-01
2.008072619240864887e-01
2.009409419490648940e-01
2.008207470885466084e-01
2.001021781874672001e-01
1.997093184740971750e-01
2.005542986246010295e-01
2.004482761997652129e-01
2.003566298879250474e-01
2.008674010246357666e-01
2.011906976496334321e-01
2.011328991513350595e-01
2.013006254788198279e-01
2.007152181931248780e-01
2.001697091011357676e-01
2.008201868711570470e-01
2.011169016653430452e-01
2.014328077992276478e-01
2.014542311972634114e-01
2.016379421685192130e-01
2.014462004167599796e-01
2.020897033141190180e-01
2.016379587832818621e-01
2.017262781070902622e-01
2.023133828791164046e-01
2.025309398521162874e-01
2.016038679551089563e-01
2.014682046633590462e-01
2.011920595834949255e-01
2.006511781848680787e-01
2.013097560370025463e-01
2.020068837334386136e-01
2.018695135884759628e-01
2.024097952275286938e-01
2.020777990384311495e-01
2.024236914826317291e-01
2.020330524235015301e-01
2.020183628692840683e-01
2.014705989646170259e-01
2.019119700846599141e-01
2.022801488614112131e-01
2.026658503543204148e-01
2.026327780707362081e-01
2.030903783341631852e-01
2.034066912533641358e-01
2.026529206230497371e-01
2.030802973687539092e-01
2.030101678655552300e-01
2.033425452354060137e-01
2.024907744654934616e-01
2.016532809678646398e-01
2.014985092931424471e-01
2.011114400548166536e-01
2.011689087407806664e-01
2.015269400177134573e-01
2.014038615369450336e-01
2.013447211120813207e-01
2.020127116513473486e-01
2.021002978809589012e-01
2.020861830899166600e-01
2.025676940818904870e-01
2.028151021269676835e-01
2.024843205005842084e-01
2.032549404333142962e-01
2.029342804744685980e-01
2.033170158929173132e-01
2.039943903973379380e-01
2.039524493979760766e-01
2.032158155812907596e-01
2.031057596039402280e-01
2.034291459380317690e-01
2.037279209347910292e-01
2.029365677245590915e-01
2.025634055693060209e-01
2.026143091842422528e-01
2.030330643801131485e-01
2.032766805541079413e-01
2.034015341668578836e-01
2.029531496221865239e-01
2.025411502574505918e-01
2.025708751976685318e-01
2.027300511065749378e-01
2.031055473551174051e-01
2.026654964620646648e-01
2.024284747443568511e-01
2.023652222282760482e-01
2.026908462182822335e-01
2.014266207018594879e-01
2.015208574709891620e-01
2.011640197756588422e-01
2.007197946708068059e-01
2.016445075533334630e-01
2.011634978329599477e-01
2.013246341159845576e-01
2.009017417058269750e-01
2.009460703127604053e-01
2.008661330211228557e-01
2.012916639592699231e-01
2.013597580444551338e-01
2.015296032141664917e-01
2.012907418988978958e-01
2.016174885063826139e-01
2.019062813336842399e-01
2.019041555988041470e-01
2.021399077072923711e-01
2.022159893133877728e-01
2.022915998168580975e-01
2.020945661868589482e-01
2.017608367776260736e-01
2.015637602386625704e-01
2.019334664579762462e-01
2.020424504532119803e-01
2.018786545179952208e-01
2.016384168847622504e-01
2.015615072726757995e-01
2.015020141277049370e-01
2.014023626659650068e-01
2.010488227032473374e-01
2.011019504555899562e-01
2.008295656835311638e-01
2.003569601872102202e-01
2.003015976775660012e-01
2.006308047439728515e-01
2.012941870390728694e-01
2.014184377105615598e-01
2.013630168347868010e-01
2.016302496978924497e-01
2.014897639970016918e-01
2.018182244625104649e-01
2.019256439960741556e-01
2.020749218417791648e-01
2.020990454677717985e-01
2.019398456280985521e-01
2.021757747098963942e-01
2.018649472290435509e-01
2.017987326839758566e-01
2.024808809003365850e-01
2.026104767950742680e-01
2.018826853100265661e-01
2.027465261175157574e-01
2.029382396215731743e-01
2.031026068773570115e-01
2.031746924161379475e-01
2.028945503118562976e-01
2.028566985742643880e-01
2.033104551918394343e-01
2.028868201347108768e-01
2.029278282159074909e-01
2.031731737097738077e-01
2.029674904509469469e-01
2.028519918448427328e-01
2.027773354965907993e-01
2.020837425835017021e-01
2.025552076622327835e-01
2.026567139056994760e-01
2.021022700839044395e-01
2.025347607136782913e-01
2.023870821256140984e-01
2.020517131657677545e-01
2.015680424421406047e-01
2.011215921721737354e-01
2.014426181233467672e-01
2.017535506842882687e-01
2.022984441251638177e-01
2.022535355947150670e-01
2.019774806399827760e-01
2.019672689579474489e-01
2.015711431096405271e-01
2.011955958431330127e-01
2.009468017842965526e-01
2.006617623569566244e-01
2.004539374248724137e-01
2.008916222859254419e-01
2.011048821574283330e-01
2.014790413508391886e-01
2.018564716443687068e-01
2.019349454335349070e-01
2.018005141123263291e-01
2.016975710136319211e-01
2.016819793736443767e-01
2.018054137779966284e-01
2.014133633501076215e-01
2.014222417230708273e-01
2.015200678145324387e-01
2.021059385427567134e-01
2.022556512682520125e-01
2.022710659455359550e-01
2.025153258170566128e-01
2.023169460978036238e-01
2.024087711865633632e-01
2.018154945827280722e-01
2.016291506077791951e-01
2.016715635454673083e-01
2.024191896613320718e-01
2.015941297910932573e-01
2.010908354063628556e-01
2.007429798723907310e-01
2.005577248738069918e-01
2.003912026308684868e-01
2.011069557582511880e-01
2.016894002938874608e-01
2.012401844736622647e-01
2.011649886191721748e-01
2.010123079529667067e-01
2.015871794107319537e-01
2.014005800108160382e-01
2.012064408333138210e-01
2.011693411207922111e-01
2.013229134304638512e-01
2.006916840216769193e-01
2.006512513126824382e-01
2.018432744122375944e-01
2.016187538633368304e-01
2.014822565311632785e-01
2.014480105739020477e-01
2.013987068872453712e-01
2.006287260727622201e-01
2.006715677410446375e-01
2.007367359522007622e-01
2.006001975131695425e-01
2.002345363905026487e-01
1.994453387845054049e-01
1.999198531960275915e-01
1.997589466737750563e-01
2.000466844781753351e-01
2.005873882963351562e-01
2.003763767305933585e-01
2.004247316434646931e-01
2.003391778942560653e-01
2.002708233203484844e-01
2.006105990153777829e-01
2.002185791294410488e-01
2.008395564834154490e-01
2.011817081829627152e-01
2.008746276237285133e-01
2.012789178857352645e-01
2.013152735625924061e-01
2.012741707914637024e-01
2.015305924408661020e-01
2.013178577284681359e-01
2.012129280384012953e-01
2.009768353239350103e-01
2.014038263760766501e-01
2.011832162816814262e-01
2.006946377930250436e-01
2.010941610379148869e-01
2.007978331699715180e-01
2.004001631353445612e-01
1.995951453533401088e-01
1.999344849117381251e-01
2.002537745602661068e-01
2.004951846757747624e-01
2.009948965386415820e-01
2.010837113590186465e-01
2.018629523955912941e-01
2.020611096524718431e-01
2.019099290132292945e-01
2.011671998962853980e-01
2.004243803738947338e-01
2.007315123645566912e-01
2.010195077118832052e-01
2.002763282493280061e-01
2.000720459027307274e-01
2.002577174529578674e-01
1.997896068163162175e-01
1.992587618306457531e-01
1.988989269317663067e-01
1.996618402139847259e-01
1.991947820842161765e-01
2.002393374716698871e-01
2.001227724308201616e-01
2.005492546334067816e-01
2.001318986103716169e-01
2.002770928886458968e-01
1.996588492146321725e-01
2.001863550709250261e-01
2.000526076529095809e-01
2.000543727229278645e-01
2.004440686106984670e-01
2.002454923066145920e-01
1.999377861326329942e-01
1.999969664126749758e-01
2.002903312857667595e-01
2.002317829034899466e-01
2.003677144821169875e-01
2.008192684213756241e-01
2.009435158669657384e-01
2.012887203100626465e-01
2.015536477043717856e-01
2.014912717005054310e-01
2.011244488810567943e-01
2.009384569608209659e-01
2.013509906405882566e-01
2.010891694067897528e-01
2.010009120087017931e-01
2.004428743439267968e-01
2.006594142997332741e-01
2.004101678280859888e-01
2.003992991610383523e-01
2.003263275613479388e-01
1.999803209583554675e-01
2.003173778755572010e-01
2.002035580310646268e-01
2.003416734001972344e-01
2.001893642769907722e-01
2.008675070049375233e-01
2.013800271675146858e-01
2.011499645897824040e-01
2.010337552950837436e-01
2.007463390617160726e-01
2.008777813084973163e-01
2.006784428672168941e-01
2.006143590634777707e-01
2.005455104779350628e-01
1.994384183814791600e-01
1.989135027287850799e-01
1.991345922279696423e-01
1.995367316679879099e-01
1.996981461088026821e-01
1.998490666093017953e-01
2.001171398117195244e-01
2.000797625843258876e-01
2.003847781693216534e-01
2.009186357499955500e-01
2.009763033919441388e-01
2.012873878657289450e-01
2.013657354221499440e-01
2.015298434054939580e-01
2.008835265323518915e-01
2.007274242220694338e-01
2.008105673468028596e-01
2.004073189571773939e-01
2.001608114801989025e-01
1.996881941506630509e-01
1.996898123839722372e-01
1.991196844667365573e-01
1.995996489494517856e-01
1.993414265799275109e-01
1.983937259566652678e-01
1.991762711180279644e-01
1.985498190409258901e-01
1.986486465927375933e-01
1.987851421586713796e-01
1.986144451634447861e-01
1.989697708969802581e-01
1.993190008425486104e-01
1.994642114628670526e-01
1.986441563131438881e-01
1.984299845962780307e-01
1.982206748216277792e-01
1.983095320413852669e-01
1.988118705290840282e-01
1.989083993813471896e-01
1.985299234216172937e-01
1.986986226699054559e-01
1.990349726869522218e-01
1.995183987055504926e-01
1.990685930855781161e-01
1.989874531504027266e-01
1.990160099685171768e-01
1.992060023049136985e-01
1.991736445645493347e-01
1.988107282149251531e-01
1.993118647028621904e-01
1.996515941348617762e-01
1.996435250572821118e-01
1.993208602512409611e-01
1.990237218800082197e-01
1.988311420027385756e-01
1.993550289425792543e-01
1.991622799084736550e-01
1.997558767116403844e-01
1.989026857687019589e-01
1.984230459196950624e-01
1.990750760628112737e-01
1.994793726283395352e-01
1.993627241915940096e-01
1.990815159740464968e-01
1.987473255801014971e-01
1.986623444597890864e-01
1.990283326719761436e-01
1.984313411452753306e-01
1.983532900563547419e-01
1.989964962859155639e-01
1.988126016412902208e-01
1.982101950609420349e-01
1.988921382892221146e-01
1.988585234866747375e-01
1.994915520565468114e-01
1.997982325296926709e-01
1.991019533735020886e-01
1.992518297303620678e-01
1.991212225458870166e-01
1.985416161427065451e-01
1.990033662225764444e-01
1.983441794109800926e-01
1.985843104248281310e-01
1.987107749569612947e-01
1.987003150586961475e-01
1.992815452892403028e-01
1.994292014475621821e-01
1.996067777634938367e-01
1.989563332744479496e-01
1.998015688241555066e-01
1.995943009144426350e-01
1.999332761847740503e-01
2.000433328534597099e-01
1.994890792004422875e-01
1.989950083868717579e-01
1.989296699802397539e-01
1.986112659657788826e-01
1.996326518790105808e-01
1.996548291733579450e-01
1.999872347438178266e-01
2.006358749911870687e-01
2.000460652198872979e-01
2.001970286907069629e-01
2.004554651028837842e-01
2.005261254292860784e-01
2.002689875260431074e-01
2.006220185770864473e-01
2.005324607392897085e-01
2.004279813783856889e-01
2.008068950478306414e-01
2.001891390903698387e-01
2.013038057847168216e-01
2.006920867356755678e-01
2.001007871065850208e-01
1.996257515595650234e-01
2.001661331358723372e-01
2.007180305057078007e-01
2.005597925846349106e-01
2.002788428331637727e-01
2.000408405188016103e-01
1.997885899273959542e-01
1.992002003340689054e-01
1.993580963147040530e-01
1.990360431396435148e-01
1.990658993406000388e-01
1.998406498878457782e-01
1.995745881122530929e-01
1.995983058672779198e-01
1.999570148115399904e-01
1.989951555062646205e-01
1.993652892938065080e-01
1.997099717916797634e-01
1.986386750717350769e-01
1.985708009701884491e-01
1.996587027413463389e-01
2.000905519051047743e-01
1.998883936882381585e-01
1.998852085196155537e-01
1.989205437364100493e-01
1.996457368774378627e-01
1.993526610026125356e-01
1.991751058556774368e-01
1.989919841062752215e-01
1.989863143094378617e-01
1.989463005966797537e-01
1.996354760961281671e-01
1.996113776133324191e-01
1.997664417446021468e-01
1.990118371086040394e-01
1.999167805765278971e-01
2.001001788231175360e-01
2.003019956901327669e-01
2.000320463956715422e-01
2.003228567974476848e-01
2.000757923279709027e-01
1.999202678357213103e-01
2.006734686545883772e-01
1.999425231203904585e-01
2.000744136582495447e-01
1.998614920890720847e-01
2.000551362013552326e-01
2.000475161664191648e-01
1.998078833638476381e-01
1.995002700797466055e-01
1.998922145656810700e-01
1.993108145371193241e-01
1.995391710184443446e-01
1.994966442571169118e-01
1.991406503535033956e-01
1.992592522415338463e-01
1.994692295636084911e-01
1.987678169394851146e-01
1.997202525005145612e-01
1.996945717913210516e-01
1.999870825202501867e-01
2.003428192685196008e-01
2.006789341425452566e-01
2.007877901297584755e-01
2.009386511422256993e-01
2.005260181395627228e-01
1.999883298619922478e-01
2.003946972896970824e-01
2.005855942980543649e-01
2.006235508628212427e-01
2.009371764664255045e-01
2.015126989381604561e-01
2.012487801494971529e-01
2.010931628519682657e-01
2.009158308495604672e-01
2.003906771575762191e-01
2.011132706681061089e-01
2.017253531104022946e-01
2.008446466327347690e-01
1.998941653827392417e-01
2.000549082973551440e-01
1.997622072841326035e-01
1.994440580324713386e-01
1.994453804171477940e-01
1.997974842197972611e-01
2.000701832646152867e-01
1.999237643785059526e-01
2.008976876924027377e-01
2.009508452317678995e-01
2.000575572311553418e-01
1.999261353965452459e-01
1.990774128960053069e-01
1.986237454805223901e-01
1.988334538841403654e-01
1.983046923855673049e-01
1.991399335944963322e-01
1.986070207161665657e-01
1.990860295785798484e-01
1.998217234266430886e-01
1.999952210666672281e-01
2.001598055066205195e-01
2.003155774794367627e-01
2.003813230892756980e-01
2.007884391555202486e-01
2.005541322528721637e-01
2.007576793099290491e-01
2.006307776657136055e-01
2.006689797295178879e-01
2.009589488450144457e-01
2.001316919879900236e-01
1.998702816515423031e-01
1.992596180647619730e-01
1.993714862142436928e-01
1.993651449461689984e-01
1.990620811465522999e-01
1.990721891344212902e-01
1.994299301936211244e-01
1.999809277452669343e-01
2.002607896545484101e-01
2.005796047040182550e-01
2.008146064026976596e-01
2.003541444241794811e-01
2.003655435477761648e-01
2.004521763986088778e-01
2.010507846658277364e-01
2.010506313453757077e-01
2.008532279371408324e-01
2.005922475191278531e-01
2.006093650653207328e-01
2.003867330495411325e-01
2.004490526965063690e-01
1.994272334302879257e-01
1.990288559520199119e-01
1.991575504053610668e-01
1.994334749546500807e-01
1.996872870848545867e-01
2.000175529651702089e-01
1.998785552705117374e-01
2.000260801587442905e-01
1.994525119202474883e-01
1.995763531711986782e-01
1.992224200496167108e-01
1.989813535754479668e-01
1.984857543284030135e-01
1.990563223526342074e-01
1.998327801795272973e-01
1.990686404920301855e-01
1.991862002978876112e-01
1.985918302708638838e-01
1.986289618792517198e-01
1.994590598578578067e-01
1.996377184176773012e-01
1.999231364445857306e-01
2.002512719625332560e-01
2.002138119996121068e-01
2.000039781798483018e-01
2.001227766279857767e-01
2.001694690834713852e-01
2.003396321335756403e-01
1.999823353506971491e-01
1.995731367146243995e-01
1.996284015689027691e-01
1.993547026749808992e-01
1.996236256533810705e-01
1.997518322512635558e-01
2.001799143323715890e-01
2.007160031805620970e-01
2.007161649772347956e-01
2.007078990263146123e-01
2.001989835755044467e-01
2.002609631674522050e-01
2.001710908590228766e-01
2.002535898091581390e-01
1.998449201903647054e-01
1.996445175955113283e-01
2.000272440762522475e-01
2.000149686863295639e-01
1.999676068612368518e-01
2.002090019197651505e-01
2.000987309287059202e-01
2.003896217516268063e-01
2.002712591367315220e-01
1.999493020480916927e-01
2.006647719697595977e-01
1.999334657902190338e-01
1.999935153418679890e-01
1.995888334611474746e-01
1.997188394852726923e-01
2.000424258383139697e-01
2.004455508068822278e-01
2.002689774246574073e-01
2.001497700970703564e-01
2.007177133600747676e-01
2.006538908376162555e-01
2.001863230297947771e-01
2.000688665309558190e-01
2.005999209963004737e-01
2.010938187823953227e-01
2.011480827416735895e-01
2.012613861108636382e-01
2.010954004464008127e-01
2.004519259938880305e-01
2.001559618515253436e-01
2.001481601162891366e-01
1.996622695547499993e-01
1.993328142252823731e-01
1.994064361306480127e-01
1.999574328387127564e-01
2.001142886574211743e-01
1.997245697333313863e-01
1.994752584225464587e-01
1.998462447237236428e-01
1.997515885866729957e-01
2.000237519311273693e-01
2.000908312992918658e-01
1.998762559710799414e-01
2.001083109788012182e-01
1.996300188831792721e-01
1.990542637988159669e-01
1.992380440893792293e-01
1.993105859549543502e-01
1.990435384236360350e-01
1.990942272534192981e-01
1.994082342607758906e-01
1.987198272497924245e-01
1.984754355422428951e-01
1.988158160888464365e-01
1.983736337931019666e-01
1.984952224101156348e-01
1.987419613421819442e-01
1.988886816726352924e-01
1.991469364260215202e-01
1.990008558309250830e-01
1.990314094212407292e-01
1.990261193154759800e-01
1.992236495209361580e-01
1.989260639678804565e-01
1.987440865226595965e-01
1.988479573522876631e-01
1.986893511916242028e-01
1.984612040523862919e-01
1.983456839251802328e-01
1.987535421043228334e-01
1.987131044578121786e-01
1.991002958106160292e-01
1.989229872472143557e-01
1.987722716324915040e-01
1.994505582791670784e-01
1.994644335946940961e-01
1.991649098489590153e-01
1.995068025289149505e-01
1.995103722460901952e-01
2.001866287323693094e-01
2.003054632478278585e-01
2.000250289941566118e-01
2.000254624716269747e-01
2.005701266323079435e-01
2.007687438316568262e-01
2.002273167986078628e-01
2.003075595293870581e-01
1.995955888069361750e-01
1.993561800339074264e-01
1.991476305290292292e-01
1.998853874459241842e-01
2.000216240473426943e-01
1.996760128648732424e-01
2.001061857858033033e-01
2.003400465252341001e-01
1.998716770919152508e-01
2.006162796496243905e-01
2.008417120032772729e-01
2.005287959829690769e-01
2.004692745442180346e-01
2.001334653946599818e-01
1.996960362300111980e-01
1.996687632930761735e-01
1.997169398379942673e-01
1.993861153163463962e-01
2.000314030004026467e-01
1.998591963100799784e-01
1.994780628548956936e-01
1.992373704640879872e-01
1.995927394191374937e-01
1.996296843694852496e-01
2.002676195417507354e-01
2.003360114200165853e-01
2.004665637035442372e-01
2.003957802594310000e-01
2.000280877192739115e-01
2.004348448135221950e-01
2.006806453642538401e-01
2.003265054888260233e-01
1.998569799970686400e-01
1.999495287515021535e-01
1.999510872932227512e-01
1.998886039070082443e-01
2.000957489721309490e-01
2.001442135842243508e-01
2.001704643899611114e-01
2.000747609835176744e-01
1.999990197624273713e-01
1.992087693920635838e-01
1.996634348421694183e-01
2.000083199603757966e-01
1.998794611456201353e-01
2.000912530929237765e-01
2.007614132694141296e-01
2.008499438506130830e-01
2.011403779788464574e-01
2.007607731715246591e-01
2.010567882131494843e-01
2.005439143664635715e-01
2.011969506422484621e-01
2.011269859407847360e-01
2.012849241516505849e-01
2.013821763310602031e-01
2.010062946810851348e-01
2.011371347269637899e-01
2.015442784410477473e-01
2.013100543658157826e-01
2.009271556862816943e-01
2.010873905096761671e-01
2.006762553721772868e-01
1.999966717729818599e-01
2.005709406598734368e-01
2.005956150673329219e-01
2.005432531566814225e-01
2.012363569660056972e-01
2.008784504789039305e-01
2.009972421408703913e-01
2.014824369849523289e-01
2.012681619992048032e-01
2.004734752707758305e-01
1.996353217525742574e-01
2.000847027635652975e-01
1.997102980070437073e-01
1.991323948856610071e-01
1.994158625235722959e-01
1.993642766945078748e-01
1.997434443247537994e-01
2.001978276823908054e-01
1.990712026112629318e-01
1.993929534467986930e-01
1.993170600304708662e-01
2.000313742812250828e-01
1.999828392266785049e-01
1.994592822783682051e-01
1.991759593441317644e-01
1.987476850310042620e-01
1.985220065693442393e-01
1.983168765661220412e-01
1.982910443393661459e-01
1.976501868325030165e-01
1.978719939160506758e-01
1.970517160950738256e-01
1.964967938153227012e-01
1.971559001254558630e-01
1.974470465325677826e-01
1.980867322973869360e-01
1.981674904417106420e-01
1.976979824133982544e-01
1.982551558340347464e-01
1.981470166787246967e-01
1.982097652617472450e-01
1.984488180997174556e-01
1.970647257719420620e-01
1.976725945277109653e-01
1.979374004138372556e-01
1.981268607716421548e-01
1.978458861055772955e-01
1.987754946270698930e-01
1.981731643588402203e-01
1.977508091956756142e-01
1.978851515395698979e-01
1.975847020347156480e-01
1.984002090691227849e-01
1.986621013278300762e-01
1.981113556339651194e-01
1.978059270313040630e-01
1.980620670356434410e-01
1.983093317189234261e-01
1.985482498516058791e-01
1.988328911416891720e-01
1.987233245696176098e-01
1.985092809586276319e-01
1.986046631251862093e-01
1.987143159712429774e-01
1.987166889540434023e-01
1.990704966710652446e-01
1.986477940382647966e-01
1.983923715698810708e-01
1.981007919166504483e-01
1.988021855618836986e-01
1.988076619840024317e-01
1.992625433522545175e-01
1.995526979509424370e-01
1.990938023885968078e-01
1.989117608780011093e-01
1.984340123117746546e-01
1.981547553349595203e-01
1.990806668046883054e-01
1.990743382385296023e-01
1.989833116094021914e-01
1.987323983417751960e-01
1.987178513513976341e-01
1.991646515912218196e-01
1.991477925590223741e-01
1.999228638979308748e-01
2.002426181436937347e-01
2.004092295230135157e-01
2.002916913878641791e-01
2.003546210315195475e-01
2.007913363046544553e-01
2.013241656372561361e-01
2.011500887180605046e-01
2.012703608810170186e-01
2.003563377837054571e-01
2.007812630998147274e-01
2.010662601425756424e-01
2.005196031347989960e-01
2.004969378772311905e-01
2.005237468207915763e-01
2.005479877926465704e-01
2.003327526712425088e-01
1.998884863654943889e-01
1.996851261147093159e-01
2.004021785880954198e-01
1.998426705166571893e-01
1.991383806096400921e-01
1.994402464244526274e-01
1.996056475635087368e-01
1.995693237841209000e-01
1.997100855605618008e-01
1.996698880432937750e-01
1.998798859761590774e-01
1.997628197025362595e-01
2.000134823748977719e-01
1.995258924237761355e-01
1.997606524298386477e-01
1.995804851088982534e-01
2.001696265523213170e-01
1.999709375700143288e-01
2.002275656836452200e-01
2.001185901900301711e-01
