1.732860051374469079e-01
1.646935620650240850e-01
1.575661947992366418e-01
1.512052195495622864e-01
1.459395057013091190e-01
1.408281066449649510e-01
1.363275789697315221e-01
1.330614744855099507e-01
1.303015183021559720e-01
1.275196928422707987e-01
1.255373647890244970e-01
1.233024001555910465e-01
1.222334673455871823e-01
1.211211621637258290e-01
1.195985227285618763e-01
1.195353378032764369e-01
1.182245405955505424e-01
1.180381250735056675e-01
1.173771830648037140e-01
1.170482617908277234e-01
1.166291320760625000e-01
1.161206178790681193e-01
1.159606529355439314e-01
1.155024951025246105e-01
1.150174190633250354e-01
1.152344474744235459e-01
1.145797156801959538e-01
1.143836285641536554e-01
1.142115646355138098e-01
1.142157794877638466e-01
1.144715770061579818e-01
1.143156335130635221e-01
1.138728426652462350e-01
1.137303705530113146e-01
1.131958565194466498e-01
1.134543891621953432e-01
1.138336422898023753e-01
1.140186154943635538e-01
1.148937401687257082e-01
1.149262770454845678e-01
1.147300348319387486e-01
1.139386912256576123e-01
1.139226389139071233e-01
1.137720316367648865e-01
1.137451317214049629e-01
1.135230527757469937e-01
1.136826609934604715e-01
1.137204678842124450e-01
1.134566240049958014e-01
1.133772114131710862e-01
1.131007161042435205e-01
1.130140206663622360e-01
1.128211961309683181e-01
1.128297008644180560e-01
1.134706971806870163e-01
1.138374404602585377e-01
1.144735722041415049e-01
1.137798987572682385e-01
1.147063594330969688e-01
1.141560858977694326e-01
1.136548700606993395e-01
1.141676386006944127e-01
1.141660959727882757e-01
1.133349120872285953e-01
1.129494479100109361e-01
1.135346715301694259e-01
1.145065494327148353e-01
1.139264234218439198e-01
1.133125777396882805e-01
1.134079732967525206e-01
1.136131419228064016e-01
1.133458849706799748e-01
1.138130497732063040e-01
1.134149132058112908e-01
1.133430599142730422e-01
1.128538448563712049e-01
1.134531718906453823e-01
1.132454647489010285e-01
1.139259187555299591e-01
1.139600257350675550e-01
1.134264529492082368e-01
1.133572981359900755e-01
1.132003506020203276e-01
1.131742149619408833e-01
1.125481245836109090e-01
1.122159257946273581e-01
1.129589221021432138e-01
1.133962469020650815e-01
1.134286902950551457e-01
1.135756120333188679e-01
1.136968972305862219e-01
1.136407359223415986e-01
1.136234481460881851e-01
1.136570439626497370e-01
1.142562587457504192e-01
1.140704772903142206e-01
1.136240670378965006e-01
1.138409471539657686e-01
1.133928897271774816e-01
1.134212730653397783e-01
1.144340023047439731e-01
1.142540639180001788e-01
1.143151252356846975e-01
1.142497720430082769e-01
1.138000560263714295e-01
1.135883611514392905e-01
1.124031745528844134e-01
1.124982349534826426e-01
1.127862784244305500e-01
1.131106365461288787e-01
1.136634806028658656e-01
1.127458008252036487e-01
1.128866000970508571e-01
1.127837510353621869e-01
1.126720172760702077e-01
1.131843006493124665e-01
1.122016398787095970e-01
1.124890226668656817e-01
1.127378074112838496e-01
1.127809226038364587e-01
1.128470349275862150e-01
1.135143093701253131e-01
1.133959113295740506e-01
1.130230738102536575e-01
1.136831852929757330e-01
1.140399042967558951e-01
1.132119735926910425e-01
1.141196117517356418e-01
1.135980339182069143e-01
1.135135882489604203e-01
1.139240145935820625e-01
1.132713613229249378e-01
1.132907184477684043e-01
1.132549090248506918e-01
1.130022792489142197e-01
1.129817916728975691e-01
1.128572280976712638e-01
1.133156946127102382e-01
1.141290550200342591e-01
1.138270447449317713e-01
1.133059580761060503e-01
1.128161321904160852e-01
1.125295860084488814e-01
1.127921939501556198e-01
1.131274665062581286e-01
1.136779854427198005e-01
1.129384153501419574e-01
1.132291869121937189e-01
1.130906000943298489e-01
1.128315811396111423e-01
1.128877056280170044e-01
1.134721807218622702e-01
1.129956937963556840e-01
1.129504758980068996e-01
1.131333453451635884e-01
1.127742849232234029e-01
1.136010200506098744e-01
1.138627498515549924e-01
1.143001813419523421e-01
1.140078359396905355e-01
1.141436652536178820e-01
1.138592549236863566e-01
1.128280774878653581e-01
1.130660023155070082e-01
1.131149656130170378e-01
1.133905316736791014e-01
1.129156825395787600e-01
1.130171769964621459e-01
1.131563690349773194e-01
1.121777039150606003e-01
1.124823976424770972e-01
1.126556624565468318e-01
1.132097185567216280e-01
1.128520750418329499e-01
1.129310216919078985e-01
1.141587425143524848e-01
1.136120205693132157e-01
1.129460569306541401e-01
1.134977039995979792e-01
1.128733143257997645e-01
1.128308225107216844e-01
1.127524684424939944e-01
1.119797178299062335e-01
1.121158990496090857e-01
1.121794601233078309e-01
1.126269745637066277e-01
1.128291450894950698e-01
1.128992643136957214e-01
1.128270456467379695e-01
1.130357903988680884e-01
1.130769478230183728e-01
1.130179530532905569e-01
1.135607436703860856e-01
1.124515263238206053e-01
1.132758635518860274e-01
1.135920887347094815e-01
1.137945829134407449e-01
1.143242214653810152e-01
1.137952148480574077e-01
1.137714864949428833e-01
1.141609938497421539e-01
1.148598088025992586e-01
1.146209879533657411e-01
1.143291453502954941e-01
1.139228995686566576e-01
1.135629412531950488e-01
1.136151712260702190e-01
1.128333263797346303e-01
1.124120652053779562e-01
1.125474134394744141e-01
1.126774366267482425e-01
1.133024591584735341e-01
1.126749447977532792e-01
1.120899872934694452e-01
1.128829403320186914e-01
1.134697295503095810e-01
1.131565721645396289e-01
1.130719398287469007e-01
1.135966441770682456e-01
1.135873636780447699e-01
1.128672424780214206e-01
1.134661447388937844e-01
1.135631898728061001e-01
1.131534921870600147e-01
1.131570021571544626e-01
1.126853069244808936e-01
1.123798929952456310e-01
1.135667894563871932e-01
1.138487156726225302e-01
1.140894530518603012e-01
1.133776835875147798e-01
1.133011294662614327e-01
1.139127294208560487e-01
1.134814549739869560e-01
1.142357285080077833e-01
1.137577877395148096e-01
1.138728413899722514e-01
1.140531478161767170e-01
1.142747958583471696e-01
1.138546578254840541e-01
1.133822788169238788e-01
1.143314892372570973e-01
1.141087887310871796e-01
1.130992382128356011e-01
1.125427169523416787e-01
1.130068302767814475e-01
1.141201677538466602e-01
1.133502843814705313e-01
1.131816861559160059e-01
1.128003853537038609e-01
1.131549415748192566e-01
1.123413626297400658e-01
1.127521468436062380e-01
1.127819611276052736e-01
1.125376611510492397e-01
1.130686312134157046e-01
1.131588638327668400e-01
1.131837865819008138e-01
1.126513422516738777e-01
1.126677711762556350e-01
1.130661622723683896e-01
1.131573844736398354e-01
1.136365022837969446e-01
1.135961737418938744e-01
1.130897237737982369e-01
1.133440624156761972e-01
1.135013170610214284e-01
1.132755188047049333e-01
1.135439370193120079e-01
1.132703800664574406e-01
1.135350438028830677e-01
1.136113251929514734e-01
1.133657880259760775e-01
1.132055750514838338e-01
1.132229107384075395e-01
1.134754237324028248e-01
1.134027920389271415e-01
1.125681522256593153e-01
1.132631849073431618e-01
1.135776173370917214e-01
1.138244657840781215e-01
1.131388496753815143e-01
1.137220345418942374e-01
1.144306500366315538e-01
1.139644476133794548e-01
1.127827756137534665e-01
1.133748973102482460e-01
1.138116571812362726e-01
1.134196737820876433e-01
1.138369049557011320e-01
1.137744223319477471e-01
1.137329825966125335e-01
1.127979659546265168e-01
1.126806199565030253e-01
1.132400992047942478e-01
1.131134074700837072e-01
1.132554513669665475e-01
1.127139313039431101e-01
1.128926154399224335e-01
1.133609154348059062e-01
1.132937255648037572e-01
1.140915695461553192e-01
1.133414992273977934e-01
1.127313923940972407e-01
1.127219269915597094e-01
1.134886531593200937e-01
1.126639787066005260e-01
1.128332060691202565e-01
1.130652954666757359e-01
1.136204438453976284e-01
1.136375865012363012e-01
1.134329811233621560e-01
1.137241026301691604e-01
1.135085342104062145e-01
1.132101777755193800e-01
1.135261525114208969e-01
1.133523505363083356e-01
1.126753616673077246e-01
1.127743863120330564e-01
1.125005619698128817e-01
1.130573362089105777e-01
1.131403401490235910e-01
1.126978939257187035e-01
1.125528355473269099e-01
1.128082449412559085e-01
1.129348901784340831e-01
1.129026987979169644e-01
1.134248595508776658e-01
1.128688289422800084e-01
1.132915176522347050e-01
1.132760834567969888e-01
1.128421167380121437e-01
1.127312883455747622e-01
1.120819420996680971e-01
1.124171867214624199e-01
1.123654457313271737e-01
1.124729730291208346e-01
1.125140754488496431e-01
1.134375421116221999e-01
1.141726743069326339e-01
1.142101413392161285e-01
1.149420649701937414e-01
1.143502490589545645e-01
1.136713455036704734e-01
1.140166255745136553e-01
1.125549050835549930e-01
1.128734105863723192e-01
1.124502810071291992e-01
1.120482160135062993e-01
1.120412141017066016e-01
1.121700722385143706e-01
1.118893389596384846e-01
1.131030465886041780e-01
1.137682171713187002e-01
1.135020376849555090e-01
1.130267008214531355e-01
1.134363599098171388e-01
1.131381454518902013e-01
1.137009541509845512e-01
1.138084890722920600e-01
1.139941143005783197e-01
1.135476088291949709e-01
1.138339546242623790e-01
1.131722376440274930e-01
1.136058578227705090e-01
1.146012324732204463e-01
1.141288392269436819e-01
1.142511710038757455e-01
1.138016370091740614e-01
1.132388871129744595e-01
1.125926208687324792e-01
1.129574450773186689e-01
1.135870980996740581e-01
1.139015761063366383e-01
1.140160284197294233e-01
1.140396808197701589e-01
1.133750736872807668e-01
1.133969705281810264e-01
1.135023405547074815e-01
1.133688679831875989e-01
1.136355141445753586e-01
1.141475328396755751e-01
1.140497197860702444e-01
1.141484149400522757e-01
1.131779968286424215e-01
1.134770246166255936e-01
1.131796119838950482e-01
1.136617980575896081e-01
1.137202504078457244e-01
1.131525139802900398e-01
1.131225460376102804e-01
1.130316537199321375e-01
1.135533042424641120e-01
1.129615801776216177e-01
1.127556785395828209e-01
1.127600090534927185e-01
1.122944815332171803e-01
1.131803580461273606e-01
1.128281985074182509e-01
1.119747449482245139e-01
1.114029727908513734e-01
1.120678599320278912e-01
1.122277079997343607e-01
1.123596947597450685e-01
1.124211338236876800e-01
1.133999712909845303e-01
1.133247610274861483e-01
1.128404017862254249e-01
1.126878174745143957e-01
1.129930047294603612e-01
1.133034598839487844e-01
1.128751236804307889e-01
1.129692447841447178e-01
1.126849894710691136e-01
1.129206126385102343e-01
1.135521702899623953e-01
1.132579413807352636e-01
1.135873321492606725e-01
1.130544880132442614e-01
1.128162331231900017e-01
1.129652626583596692e-01
1.134109898813824846e-01
1.133546311256193179e-01
1.131425316432169009e-01
1.136582372440776700e-01
1.136500937293050545e-01
1.146710091500732498e-01
1.146953341994541714e-01
1.135661854281714150e-01
1.136182158944146342e-01
1.142586944206384902e-01
1.136461828124057938e-01
1.132050547093134824e-01
1.135253562770796865e-01
1.137797850677944311e-01
1.131298357834919915e-01
1.129907803757685264e-01
1.126753943880341446e-01
1.127315728918682897e-01
1.129664567808372072e-01
1.133067288146694246e-01
1.134128925561150303e-01
1.136736297890334341e-01
1.132642066267157827e-01
1.135680727533623230e-01
1.140791147825623991e-01
1.142390640725723938e-01
1.142616127756933553e-01
1.140320965507990586e-01
1.137246981765520776e-01
1.131934169646110350e-01
1.133698212978127701e-01
1.141375867368774333e-01
1.145157400774384354e-01
1.143296245692008994e-01
1.140415985195782494e-01
1.144591861597738652e-01
1.144950042428891784e-01
1.135146642689241203e-01
1.134028609685264616e-01
1.130352887693161640e-01
1.128868554224370657e-01
1.126673132808700822e-01
1.127567180155613913e-01
1.124418513071022280e-01
1.128409514911606903e-01
1.131699889952864635e-01
1.133035804449683548e-01
1.129603299986540882e-01
1.125828564800101794e-01
1.128377449594715892e-01
1.121863732274053227e-01
1.131202328335838697e-01
1.126156410576189537e-01
1.130199216240223153e-01
1.129592949223533205e-01
1.124439619242875166e-01
1.124426084193574926e-01
1.120499615189470000e-01
1.125508278437044041e-01
1.129122836994091578e-01
1.127438146541548114e-01
1.128316924863282528e-01
1.131394085193473259e-01
1.132203738765399925e-01
1.134195496901256317e-01
1.142313923174614887e-01
1.146053863780915893e-01
1.141692310563433010e-01
1.140874111325297924e-01
1.139609318483480321e-01
1.134258302198724588e-01
1.137065523530699646e-01
1.131830090916788600e-01
1.126520101169266874e-01
1.130540143623724181e-01
1.133885867424528626e-01
1.129810945155205054e-01
1.130282844551249166e-01
1.132905979664179524e-01
1.136416137981148961e-01
1.139040641532969578e-01
1.136680548572691629e-01
1.136845823721026189e-01
1.127022469375374564e-01
1.126948544266473118e-01
1.128251848394639240e-01
1.133062224532487561e-01
1.137931057309344435e-01
1.135923897782255138e-01
1.133244765376002494e-01
1.134169668247728135e-01
1.133506096011149822e-01
1.133214353582182171e-01
1.130937700297475895e-01
1.132608869520050632e-01
1.133353105587439347e-01
1.137826237938691226e-01
1.136613616302291352e-01
1.141015482596571956e-01
1.139847497649916219e-01
1.143997019708827140e-01
1.138427656430709423e-01
1.140980016490163729e-01
1.144047019497964612e-01
1.141408263726237521e-01
1.144234379788511002e-01
1.138978292463618119e-01
1.133753058194179875e-01
1.135995746812209078e-01
1.138770662577247572e-01
1.138110392390098702e-01
1.142480607377740903e-01
1.140823105086964523e-01
1.135144899423823905e-01
1.138172495775543885e-01
1.141168305933268762e-01
1.143098726126181852e-01
1.143882359831818324e-01
1.136843252951595107e-01
1.143884316630065373e-01
1.142062687586548470e-01
1.135477527502855299e-01
1.136806932549298405e-01
1.127561879274532886e-01
1.127601135428712292e-01
1.127183432301099436e-01
1.126352676729709124e-01
1.131073900113490766e-01
1.131715928458580239e-01
1.138207846807350043e-01
1.142531044606611007e-01
1.140143050802873842e-01
1.137843035560246047e-01
1.139286442437918989e-01
1.134909655522793465e-01
1.133825137703846214e-01
1.131896936516513102e-01
1.133072596334182142e-01
1.135811169893823219e-01
1.145033071522600782e-01
1.140902570089737944e-01
1.142305795390565204e-01
1.140789837320351080e-01
1.141221986918735387e-01
1.135410826830774572e-01
1.129075208078652165e-01
1.132162523475816474e-01
1.142662401885818080e-01
1.141047018611965058e-01
1.132658300108393828e-01
1.126131964421990261e-01
1.139097878981015777e-01
1.135344547133441684e-01
1.140125582407639088e-01
1.145587251571586612e-01
1.147058200016018853e-01
1.137130670224635876e-01
1.131082642152662354e-01
1.133427895861289919e-01
1.135112557318928572e-01
1.133772952194499611e-01
1.130553407582565589e-01
1.130646755514000262e-01
1.132201554816739814e-01
1.139604504355024583e-01
1.138744332746687848e-01
1.134920402999460287e-01
1.135706329444576557e-01
1.133072432305580329e-01
1.129138042805067216e-01
1.128501518859443137e-01
1.130305071444578924e-01
1.126368895959821842e-01
1.129335848121222202e-01
1.126203972656983909e-01
1.124482651662685184e-01
1.126846124593984949e-01
1.127976902247306290e-01
1.129439469851600958e-01
1.132438865972355685e-01
1.132912370514502498e-01
1.136789936076809254e-01
1.137547820527319981e-01
1.136392313177502500e-01
1.138590983551802938e-01
1.133861656920970712e-01
1.138205944516643003e-01
1.131564359234618899e-01
1.128972202652802487e-01
1.135339707761750389e-01
1.134826353716566760e-01
1.134871089093333479e-01
1.129539805276946057e-01
1.137671004745763881e-01
1.128817774146031738e-01
1.133811630924759783e-01
1.141560047962120045e-01
1.139870368308268378e-01
1.139618022785824636e-01
1.141588353191148181e-01
1.138075371584948703e-01
1.130479508056602272e-01
1.136863628206223470e-01
1.131699869636201561e-01
1.126007836292534925e-01
1.123263114400292612e-01
1.134102904771110143e-01
1.132338431014779656e-01
1.131287825381787626e-01
1.134197906550577506e-01
1.134665253721251904e-01
1.137172058583376805e-01
1.138549069077432752e-01
1.132437233542996358e-01
1.131672226138254050e-01
1.137800466716841069e-01
1.140631790058394407e-01
1.136837126724340175e-01
1.135433846774009242e-01
1.134492540780037140e-01
1.133655214141357642e-01
1.137109692343991341e-01
1.128302315660456301e-01
1.130222254163688184e-01
1.130247763200342426e-01
1.132406868953960838e-01
1.129415515353366511e-01
1.131849815185822505e-01
1.134275304105132193e-01
1.130105404940455333e-01
1.121889902921485993e-01
1.127249102359395294e-01
1.129521684287329436e-01
1.137695863661369877e-01
1.145296441130052439e-01
1.141670052879402708e-01
1.137426978818365103e-01
1.136211740861425984e-01
1.129959888700361736e-01
1.130533012091330669e-01
1.130351729568833258e-01
1.137999417559942689e-01
1.141635337460083915e-01
1.131976909862555947e-01
1.136556376322805373e-01
1.133951724845315978e-01
1.137659654150985911e-01
1.138079271402405585e-01
1.135766432397914000e-01
1.138184211241716620e-01
1.134261794990471528e-01
1.131360361788621566e-01
1.138555014769766366e-01
1.141302520229148104e-01
1.135675953535687510e-01
1.135451636255505048e-01
1.136084838933283936e-01
1.131962467899360891e-01
1.127442832265769940e-01
1.132262523132321619e-01
1.132782425160312467e-01
1.125906286318871519e-01
1.124569486498999543e-01
1.122433672403533311e-01
1.123288715937567073e-01
1.125866894593358231e-01
1.123275134981667200e-01
1.128034128618012055e-01
1.132454667108406671e-01
1.134362471771295788e-01
1.134417131786349259e-01
1.137572287082272843e-01
1.134249270961351364e-01
1.133472079048388897e-01
1.135381807462097215e-01
1.134347864996721883e-01
1.132187052454236426e-01
1.130948226015886376e-01
1.133394369664070395e-01
1.132863444941354658e-01
1.126820803854675368e-01
1.124316024911872769e-01
1.126401168578700929e-01
1.134282858728812293e-01
1.134133908295500703e-01
1.133440476706476380e-01
1.133491437424816728e-01
1.137458150207090735e-01
1.139158968226259561e-01
1.132944889929306809e-01
1.129660530610674812e-01
1.136545702968312921e-01
1.130301093053019956e-01
1.136193576414020467e-01
1.139856536216493632e-01
1.133193952104861596e-01
1.126946184048989441e-01
1.122168523586485611e-01
1.119480756485369266e-01
1.121003099708686307e-01
1.125121872945565593e-01
1.131509661215650969e-01
1.136231712915097836e-01
1.141981849153154843e-01
1.142028442701228247e-01
1.140360660702203210e-01
1.136858914387531005e-01
1.133116593995798921e-01
1.135127309678283652e-01
1.130673404005697463e-01
1.127521806358818823e-01
1.122862238632099247e-01
1.123267451937447065e-01
1.128639808595263000e-01
1.131950750531846156e-01
1.136818426716589836e-01
1.137586461545836286e-01
1.132609943206712572e-01
1.138173263818573616e-01
1.141483998045644682e-01
1.136359373488314561e-01
1.134817258970783060e-01
1.135731967696218120e-01
1.129765718096550631e-01
1.138149206513144746e-01
1.137847685351886656e-01
1.143877352201642383e-01
1.136097194080084166e-01
1.131486969493387951e-01
1.131626029753384499e-01
1.137737303816454687e-01
1.137931585170748189e-01
1.140279851912819886e-01
1.139681995026338435e-01
1.135590328833268603e-01
1.134047115266143685e-01
1.132343677205830124e-01
1.134626135048421997e-01
1.138852106892164345e-01
1.131561496779516368e-01
1.134127411704744376e-01
1.129646284774903503e-01
1.131736287465008872e-01
1.133704754970987078e-01
1.128769451087985043e-01
1.129898635123228606e-01
1.125671131956708648e-01
1.126541276476561992e-01
1.125090312628609784e-01
1.124635557765698707e-01
1.125421229270177070e-01
1.126387491056697610e-01
1.132457801839523714e-01
1.134999750092107879e-01
1.131623854346243685e-01
1.130706344716199963e-01
1.132907138619568960e-01
1.129970163847065640e-01
1.130386420145930715e-01
1.127846846321175212e-01
1.136643907836054207e-01
1.133928696171896955e-01
1.138697877591309804e-01
1.134034908473494363e-01
1.140612869475755298e-01
1.139770351617604288e-01
1.144788088399831122e-01
1.137779925942962178e-01
1.137760571085469075e-01
1.135226738511685152e-01
1.130724568242838096e-01
1.133885988759595620e-01
1.136212060565308379e-01
1.136627605563973048e-01
1.142890761451777343e-01
1.129555994265772634e-01
1.128340182487014703e-01
1.128422857984413691e-01
1.136782994065305974e-01
1.136889300032030148e-01
1.138053590166791113e-01
1.131876291062483691e-01
1.136817824651677744e-01
1.142094812061033443e-01
1.129895044230020823e-01
1.131757652577539824e-01
1.136520956070567051e-01
1.133502776637244081e-01
1.135561691940676632e-01
1.134934132487415842e-01
1.125118444511157972e-01
1.127022526943485675e-01
1.133658192217121274e-01
1.136035774266297982e-01
1.134831096985703391e-01
1.124059376807898386e-01
1.125520766474890078e-01
1.124549808367438786e-01
1.125979691745045835e-01
1.124940308603327582e-01
1.124885835613773644e-01
1.125741417139709960e-01
1.133583135387728341e-01
1.125936314159891316e-01
1.129888482960490076e-01
1.125409829748886120e-01
1.127643947241583483e-01
1.128818721860292001e-01
1.127128515501046174e-01
1.127349660569975376e-01
1.128115685555241277e-01
1.123127118237019217e-01
1.127924128817431731e-01
1.129336765380637847e-01
1.136197471460640845e-01
1.130346041224244841e-01
1.137056239521571366e-01
1.131297656220209141e-01
1.128251413096328232e-01
1.135354519853560562e-01
1.129373740441318164e-01
1.136294101939969992e-01
1.134848998594530506e-01
1.136879746511536005e-01
1.135460974070220119e-01
1.138842693195249861e-01
1.139391357393626375e-01
1.136095441137390250e-01
1.126406648165396568e-01
1.133132711267363923e-01
1.138937867035198503e-01
1.132219748978133961e-01
1.132170760278672778e-01
1.138130703590818221e-01
1.131934692049389457e-01
1.136656975285586652e-01
1.140344472351440402e-01
1.145231908382706443e-01
1.143662110958024170e-01
1.141022373307822857e-01
1.144817678250814874e-01
1.146305634216842478e-01
1.145087326021279744e-01
1.142006267836816469e-01
1.139777463356476117e-01
1.134977455564702975e-01
1.135897265559069197e-01
1.132587763600258479e-01
1.136588283235633046e-01
1.140063369558307199e-01
1.139854281495072952e-01
1.138790851877818783e-01
1.142563640121097707e-01
1.134288580682051989e-01
1.136243638236228010e-01
1.140835666305261564e-01
1.140105374754145501e-01
1.144094123223742127e-01
1.140182941382945209e-01
1.136449357849353414e-01
1.129847809680095960e-01
1.134746974147990833e-01
1.138665660682369601e-01
1.134925911592058745e-01
1.139715031477506468e-01
1.135351294444005427e-01
1.135884002511518970e-01
1.126634885601894009e-01
1.130485095658051997e-01
1.134317882500028157e-01
1.129196691170815253e-01
1.131781172659042101e-01
1.134785252552276968e-01
1.133519382576904100e-01
1.137981856683086129e-01
1.139823435936588580e-01
1.145018825306939325e-01
1.137888718518614284e-01
1.139353081281336000e-01
1.140486110870942843e-01
1.141284004269265268e-01
1.134923249372896403e-01
1.136626159390840690e-01
1.137415107132267594e-01
1.139977554333905796e-01
1.139527096110624776e-01
1.136026747582865454e-01
1.137164966881763078e-01
1.134745948324206444e-01
1.130527701410446728e-01
1.135896886878864781e-01
1.132378534635171685e-01
1.141023511973043025e-01
1.142244098401322822e-01
1.140685447999861685e-01
1.136849914484335394e-01
1.140237311026425643e-01
1.137352807759132028e-01
1.133016312224548738e-01
1.130811492829963960e-01
1.128049864628970222e-01
1.128571331243342912e-01
1.130038693347338447e-01
1.121774206447649080e-01
1.121727175083263583e-01
1.135714693089684424e-01
1.132171281883571079e-01
1.136433113652779436e-01
1.141176191185673539e-01
1.144065808336868079e-01
1.139103755242290850e-01
1.134377360217665442e-01
1.133963138305365687e-01
1.135212362155947202e-01
1.136072907264832760e-01
1.130874545598790359e-01
1.132100082214571313e-01
1.135617280877496832e-01
1.132992940970550533e-01
1.131600093282975200e-01
1.133728220836979494e-01
1.132271133496908500e-01
1.135954299433182824e-01
1.138701560656818906e-01
1.140835771234596924e-01
1.136643451399508703e-01
1.136033915187065341e-01
1.131127400003712202e-01
1.132364880904544596e-01
1.138702617867040356e-01
1.131441934503611690e-01
1.137355958170591236e-01
1.136627612788451008e-01
1.139800103397498321e-01
1.140542022629327384e-01
1.140252682178580224e-01
1.135384463671121197e-01
1.135750512322616090e-01
1.136754228639370173e-01
1.138605732031720830e-01
1.134744104986940144e-01
1.129421064426891635e-01
1.129913883779055661e-01
1.125528944717957280e-01
1.130515178390954778e-01
1.131203222915540957e-01
1.128728456652290102e-01
1.130518151415829814e-01
1.126531712175689315e-01
1.123110169059840929e-01
1.121792668975460372e-01
1.125627895390588773e-01
1.127789751982211791e-01
1.131780156263328535e-01
1.135884363506664829e-01
1.136563778006539488e-01
1.134624266759187289e-01
1.139545540773571758e-01
1.142462288877091198e-01
1.141810710756608616e-01
1.147242644233828490e-01
1.142414306477329555e-01
1.131721855512942548e-01
1.129556920690370087e-01
1.131692057942548929e-01
1.135302716105484472e-01
1.134239703366107244e-01
1.128914418533684683e-01
1.129054136520713930e-01
1.125700442588798006e-01
1.123546224289386636e-01
1.118638492947373886e-01
1.128255215408459911e-01
1.127805075455842188e-01
1.136228033596119041e-01
1.131748829797038086e-01
1.128097857142719984e-01
1.131894134785048217e-01
1.129745845896623219e-01
