9.917545958664579302e+03
9.832220144748776875e+03
9.754629884184283583e+03
9.680892299472066952e+03
9.609658357084985255e+03
9.543726863627394778e+03
9.482222419627019917e+03
9.422371560147435957e+03
9.367205216320473482e+03
9.316778308801998719e+03
9.269886517877981532e+03
9.223452030375352479e+03
9.177470606482347648e+03
9.136539274709422898e+03
9.095036270374708693e+03
9.056790049944382190e+03
9.021757080908426360e+03
8.986303382377971502e+03
8.952667469924757825e+03
8.918123863149237877e+03
8.890049439203934526e+03
8.860702543567105749e+03
8.829596448192229218e+03
8.802524935220051702e+03
8.774846760505448401e+03
8.752879526599122983e+03
8.732598263060564932e+03
8.707673309784699086e+03
8.681885528522227105e+03
8.657238557432654488e+03
8.637892433602421079e+03
8.615697902375715785e+03
8.593930831236964877e+03
8.576257443522283211e+03
8.558523640098461328e+03
8.538810713482509527e+03
8.520324026077832968e+03
8.500556069600001138e+03
8.482172619621700505e+03
8.464182141809989844e+03
8.445831550201306527e+03
8.429803343684727224e+03
8.412399404048401266e+03
8.393070466869265147e+03
8.375762572728324812e+03
8.359907560246210778e+03
8.349287664412093363e+03
8.335893622564193720e+03
8.325405881658745784e+03
8.310997845743870130e+03
8.294487113230246905e+03
8.282806541093066699e+03
8.267230426923480991e+03
8.253068578384947614e+03
8.245717854637154232e+03
8.232793066727266705e+03
8.220273026616045172e+03
8.211298876960619964e+03
8.201397618734778007e+03
8.188897540384348758e+03
8.177427248398895244e+03
8.164118176842212961e+03
8.151996164689712714e+03
8.139125193300408682e+03
8.129056142832086152e+03
8.120265367905083622e+03
8.108638507596881027e+03
8.094808028366595863e+03
8.087599648996050746e+03
8.083867529603423463e+03
8.073758898145979401e+03
8.064192811313243510e+03
8.051576211810563109e+03
8.039471636673421017e+03
8.029930359615140333e+03
8.020037178030199357e+03
8.012332006776262460e+03
7.999849285039194910e+03
7.990478388635016017e+03
7.983805189605906889e+03
7.973491632338814270e+03
7.964889661205351331e+03
7.953823075156380582e+03
7.946041571249132176e+03
7.942612527204490107e+03
7.934536814525382397e+03
7.929322149377482674e+03
7.923296981829495053e+03
7.914964310494833626e+03
7.906977094765897164e+03
7.897380621922061437e+03
7.893324345181757053e+03
7.882700723814336925e+03
7.877531280563674045e+03
7.871539278496714360e+03
7.863004898244041215e+03
7.856422893929018755e+03
7.849599133291291764e+03
7.839903782100805074e+03
7.834058210602582221e+03
7.826623804391522754e+03
7.817579330358551488e+03
7.810974997354380321e+03
7.803113510066913477e+03
7.798680918725245647e+03
7.790012625124206352e+03
7.781704407263886424e+03
7.773232175796940282e+03
7.763415639763050422e+03
7.753400769955110263e+03
7.743905502271713885e+03
7.741198353162988496e+03
7.739275095709625020e+03
7.734719576870640594e+03
7.724101301978822448e+03
7.714586114677003934e+03
7.709298392035451798e+03
7.702407047556799625e+03
7.697985890337708042e+03
7.691100750380184763e+03
7.680763409145633887e+03
7.674179572263828959e+03
7.671401654967405193e+03
7.666174786463491728e+03
7.664233693688011954e+03
7.659228346472887097e+03
7.650221350686482765e+03
7.650030108634544376e+03
7.647571459331308688e+03
7.638972625212148159e+03
7.638530133793919049e+03
7.632585342387033961e+03
7.624717627642056868e+03
7.620942292594838364e+03
7.619363355869631960e+03
7.613896327476332772e+03
7.608702451764809666e+03
7.604390214693177768e+03
7.593509266404570553e+03
7.592052012056082276e+03
7.588009802933022002e+03
7.582726836391225334e+03
7.575186866845025179e+03
7.571371911476104287e+03
7.562944742127146128e+03
7.559956769103584520e+03
7.551823390004549765e+03
7.541795004254583546e+03
7.534831601739957478e+03
7.535351705606960422e+03
7.528247517475104360e+03
7.522087764849991800e+03
7.517113619478926012e+03
7.511571674314855954e+03
7.509849850065585997e+03
7.505903768233351002e+03
7.499116869279004277e+03
7.496772646570870165e+03
7.488303672723313866e+03
7.483444676602548498e+03
7.479325941066261294e+03
7.471600184215797526e+03
7.466578626017972965e+03
7.456701924991612032e+03
7.451884278648519285e+03
7.447042636335536372e+03
7.446194020086374621e+03
7.440744713673338083e+03
7.438619134711925653e+03
7.431099917417483084e+03
7.424868168764911388e+03
7.424464562175592619e+03
7.415307716092062947e+03
7.413857686694766016e+03
7.414908503293860122e+03
7.410838073441832421e+03
7.404692708010587921e+03
7.404962842613537759e+03
7.399282902249124163e+03
7.394570429390091704e+03
7.390894809105097011e+03
7.385443811817955975e+03
7.378460167961439765e+03
7.372279780408037368e+03
7.369413605908710451e+03
7.364701598314582043e+03
7.364808275297290493e+03
7.357828328942326152e+03
7.357326608527519966e+03
7.352928786260406014e+03
7.349186206493806822e+03
7.347040927120377091e+03
7.339704990293848823e+03
7.331916299710882413e+03
7.326911211628382262e+03
7.326938864128389469e+03
7.324228693276616468e+03
7.323190476139523525e+03
7.320123037266777828e+03
7.315899747372235652e+03
7.313023643674358027e+03
7.309896191922586695e+03
7.302575681325261939e+03
7.298550171840502117e+03
7.300215456416471170e+03
7.287467565902550632e+03
7.289521622329144520e+03
7.282459916002455429e+03
7.280642881774720081e+03
7.275638825845352585e+03
7.275351085924642575e+03
7.272224787529814421e+03
7.270761244514604186e+03
7.266898286289473617e+03
7.259319572211647937e+03
7.253215974432685471e+03
7.248916252937885474e+03
7.248033672463541734e+03
7.242234767298127736e+03
7.233935593620176405e+03
7.227843722170616275e+03
7.221537252900069689e+03
7.214602670175101593e+03
7.209011859146340612e+03
7.206637711923260213e+03
7.201755537770141927e+03
7.200298588828724860e+03
7.194000022711657039e+03
7.190187900489739150e+03
7.187881909383088896e+03
7.184504930669064379e+03
7.182893002128095759e+03
7.176179809678847050e+03
7.168462330469290464e+03
7.164087077641471296e+03
7.160708037143216643e+03
7.155351006584084644e+03
7.152114156188014022e+03
7.149633022945490666e+03
7.148889458470372119e+03
7.136773576076707286e+03
7.132747866392218384e+03
7.126354570703145328e+03
7.121914401974067005e+03
7.115260908696304796e+03
7.109163844785605761e+03
7.107758413431778536e+03
7.100819004503750875e+03
7.098146092516802128e+03
7.095129321939647525e+03
7.094818226074899030e+03
7.092040923753555944e+03
7.090467752538325840e+03
7.087213788738715266e+03
7.082812418380104646e+03
7.081672851632009042e+03
7.077528290931341871e+03
7.074954245238824114e+03
7.073387521662687504e+03
7.063121705111848314e+03
7.055967796910875222e+03
7.052275738460882167e+03
7.049070374169277784e+03
7.042918851892878592e+03
7.034479507271724287e+03
7.032016924468120123e+03
7.030705322151028668e+03
7.028560100460439571e+03
7.020509442635229789e+03
7.018772972182508965e+03
7.012224633461843950e+03
7.007669027107512193e+03
7.005385226881962808e+03
6.999906380160301524e+03
6.998867909436568880e+03
6.994654374595620538e+03
6.993815190778095712e+03
6.992640492669990635e+03
6.987990448347481106e+03
6.982604911211034050e+03
6.980706762555072601e+03
6.974729237882911548e+03
6.970625080596954831e+03
6.970009048519332282e+03
6.965549585584384658e+03
6.957065536545737814e+03
6.954136948440226661e+03
6.954860759174921441e+03
6.952729269567228584e+03
6.949995718315979502e+03
6.944126884734980194e+03
6.944597310915158232e+03
6.935180240633761969e+03
6.932040888663389524e+03
6.929613516925456679e+03
6.920883142925637003e+03
6.914609443536193794e+03
6.912291804667324868e+03
6.907018138166370591e+03
6.902534661900528590e+03
6.902957028256297235e+03
6.899273868431678238e+03
6.889904808204235451e+03
6.890152222020964473e+03
6.887086575470010757e+03
6.883972642306807757e+03
6.881022262409788709e+03
6.875813953681903513e+03
6.873352294893881663e+03
6.871511341698499564e+03
6.869896010471105910e+03
6.864822110514134692e+03
6.860313096412267441e+03
6.860865165639783299e+03
6.858979521049864161e+03
6.852706449386998429e+03
6.849947375332728370e+03
6.848982819235246097e+03
6.840843040916272912e+03
6.837299626104410891e+03
6.830572236569783854e+03
6.827233103357803884e+03
6.822049671959373882e+03
6.821296707055969819e+03
6.813667810871588699e+03
6.812599010660408567e+03
6.804169499245350380e+03
6.804544899808496666e+03
6.807102975220002008e+03
6.806424777651139266e+03
6.805397829512355202e+03
6.804315995224526887e+03
6.796663165416958691e+03
6.791565298503508529e+03
6.790305711621334922e+03
6.782386008744741957e+03
6.772954734514756638e+03
6.773435094686976299e+03
6.769507703120016231e+03
6.767607034715938426e+03
6.761942632510735166e+03
6.764737941620526726e+03
6.759369564107099905e+03
6.757658295910646302e+03
6.751017706005036416e+03
6.747003097605562289e+03
6.740511443211223195e+03
6.741538713584453944e+03
6.739406500968594628e+03
6.736750271560927104e+03
6.733144266885646175e+03
6.725932389459123442e+03
6.727452922878346726e+03
6.724031566305934575e+03
6.717106922194247090e+03
6.718199286807021963e+03
6.712814931236601296e+03
6.712136090971571321e+03
6.708695195472051637e+03
6.705359472828489743e+03
6.699573684872721969e+03
6.702119300538513016e+03
6.700574816441043367e+03
6.699683729540064633e+03
6.692885118459125806e+03
6.693399886779006010e+03
6.691058372871303618e+03
6.685911347480991935e+03
6.683554385217196796e+03
6.678994328784256140e+03
6.675972586295036308e+03
6.670373542223900586e+03
6.662905999294972389e+03
6.660421017191039937e+03
6.660910346037182535e+03
6.660965825107851742e+03
6.659490511260183666e+03
6.652485695536725871e+03
6.655420412670118822e+03
6.650467981102652629e+03
6.646342334926982403e+03
6.643775652874987827e+03
6.641140549820085653e+03
6.638737360511074257e+03
6.633241031464726802e+03
6.631306784079755744e+03
6.628032756445465566e+03
6.623515326402386563e+03
6.616074530551353746e+03
6.614870925888661986e+03
6.612902765661029662e+03
6.609904727146868026e+03
6.605703497492875613e+03
6.597863157915949159e+03
6.591530853630283673e+03
6.584617698989921337e+03
6.578777604215506472e+03
6.569759614400750252e+03
6.568454775832884479e+03
6.567190808900697448e+03
6.565950165204092627e+03
6.567821928631660739e+03
6.564222978788728142e+03
6.559958340856707764e+03
6.557406409906837325e+03
6.551747825699773784e+03
6.546642066844324290e+03
6.547126562529650073e+03
6.542466379636221973e+03
6.539553560133303108e+03
6.533722081059726406e+03
6.533478431909377832e+03
6.535000048221518227e+03
6.531218417027612304e+03
6.529663199881802939e+03
6.525829336961051922e+03
6.522214269428757689e+03
6.517472889511514950e+03
6.515665025550355494e+03
6.512630250213182080e+03
6.513747050720104198e+03
6.507872919185148021e+03
6.507469358600491432e+03
6.505482134915809183e+03
6.502713394604914356e+03
6.500551321711438504e+03
6.498809281759892656e+03
6.499098423850869949e+03
6.492795847303228584e+03
6.487891754207533268e+03
6.487992021803369425e+03
6.484554437544412394e+03
6.483669828981858700e+03
6.482255987027499032e+03
6.480986957890531812e+03
6.476963830136202887e+03
6.470314682203307711e+03
6.462546454781721877e+03
6.456654696011149099e+03
6.446906667778598603e+03
6.447386227493430852e+03
6.442008808726730422e+03
6.445588858448088104e+03
6.446943067973828875e+03
6.442570332148979105e+03
6.437936431013075889e+03
6.437520737018468026e+03
6.434147230152856537e+03
6.434950777891828693e+03
6.434913792843931333e+03
6.429463699454452581e+03
6.426550360992374408e+03
6.421551833671280292e+03
6.419555149587175038e+03
6.422143280489364770e+03
6.418298084522763020e+03
6.410805759609905181e+03
6.408785077806591289e+03
6.408483412751036667e+03
6.402783751538339857e+03
6.393617390584355235e+03
6.394288049188598961e+03
6.390502882352445340e+03
6.386481592825679400e+03
6.380785978728252303e+03
6.377768135654265279e+03
6.371330845849512116e+03
6.365490880409661258e+03
6.362471671239793977e+03
6.357077024049585816e+03
6.356655843468328385e+03
6.354285427026921752e+03
6.351898430502227711e+03
6.348471644167562772e+03
6.344855985337771926e+03
6.345833102348370630e+03
6.341418150095702913e+03
6.340834822451772197e+03
6.338605824296519131e+03
6.338531852754560532e+03
6.335616699050602620e+03
6.335624816966243088e+03
6.336053344610225395e+03
6.330211599425842905e+03
6.327166977316160228e+03
6.323133823206924717e+03
6.323000843761108626e+03
6.317314301829599572e+03
6.322175266034906599e+03
6.317918800064691823e+03
6.317657876974451028e+03
6.308344086637779583e+03
6.305019047407952712e+03
6.302714190046254771e+03
6.302146676835878679e+03
6.302105668371054890e+03
6.294683100791065954e+03
6.292679543771911995e+03
6.294687993691189149e+03
6.291337384680262403e+03
6.290056882146279349e+03
6.286893031032227555e+03
6.285602865769430537e+03
6.280712024685868528e+03
6.277614799178440990e+03
6.274142996817115090e+03
6.270751450989274417e+03
6.267074624178960221e+03
6.266326290459110169e+03
6.261883376924111872e+03
6.258304620505463390e+03
6.254182410551334215e+03
6.248812222370773270e+03
6.244917281181747967e+03
6.238247793505376649e+03
6.235576900584072973e+03
6.232145411061977939e+03
6.227507781916974636e+03
6.228040754809665486e+03
6.224640865405557633e+03
6.225610943161923387e+03
6.223712791950942119e+03
6.224500911127693143e+03
6.220531084959209693e+03
6.219261926500707887e+03
6.211405040762957469e+03
6.211779163511636398e+03
6.209273825362653042e+03
6.209798808179255502e+03
6.203784649556651857e+03
6.200318088904760771e+03
6.197857732201761792e+03
6.197810049297620935e+03
6.195596713508798530e+03
6.194651998483945135e+03
6.189357651107598031e+03
6.181372929083600866e+03
6.180595993463615741e+03
6.177075154065359129e+03
6.172572985127822903e+03
6.169714440360346998e+03
6.163931492813957448e+03
6.164474691383697973e+03
6.158835698368961857e+03
6.158238778241053296e+03
6.153234716358008882e+03
6.155885935675408291e+03
6.153754621145456440e+03
6.150185269303044151e+03
6.144775349520497912e+03
6.138154739227070422e+03
6.133576606471910964e+03
6.128773937978864524e+03
6.130033490418071779e+03
6.128106019630105948e+03
6.127000251888693128e+03
6.122106969858041339e+03
6.116743327643076555e+03
6.114170189187547294e+03
6.111668973748851386e+03
6.113667968145090526e+03
6.115064202117731838e+03
6.113634894491377054e+03
6.110840196119842403e+03
6.107428189506797935e+03
6.105571881463769387e+03
6.095208156524315200e+03
6.092772618154843258e+03
6.089908497116248327e+03
6.082796023672014599e+03
6.084303520934196058e+03
6.079092651001645208e+03
6.078004840367895667e+03
6.080435151564392072e+03
6.075170339531358877e+03
6.072462954367474595e+03
6.067598209715881239e+03
6.066915040845361546e+03
6.062262619600882317e+03
6.064060833171156446e+03
6.064362630906017330e+03
6.062097281944618771e+03
6.067374847474404305e+03
6.064733170373084249e+03
6.063827514876212263e+03
6.054072039869494802e+03
6.049765856159004215e+03
6.044281010313304250e+03
6.042986581204894719e+03
6.044779256278226057e+03
6.037089305737152245e+03
6.036270677978632193e+03
6.034075283994056917e+03
6.028382806171434822e+03
6.025647020201388841e+03
6.020039441913957489e+03
6.016525159150747641e+03
6.011935436636733357e+03
6.009614779774432463e+03
6.009663392520184061e+03
6.005491713199739934e+03
6.005419264288780141e+03
6.001891000344369786e+03
5.999652837565635309e+03
5.995506032921752194e+03
5.996981899026104657e+03
5.995792410431924509e+03
5.993641337650342393e+03
5.991922833524137786e+03
5.986936150302775786e+03
5.987516733839615881e+03
5.985110643278161660e+03
5.979203180203389820e+03
5.972540225182368886e+03
5.970197270628620572e+03
5.971884818496007028e+03
5.967508007789616386e+03
5.962654496576326892e+03
5.954878089697462201e+03
5.956062222202611338e+03
5.950739859094496751e+03
5.953085117300913225e+03
5.947219247110125252e+03
5.942840315627755444e+03
5.943508685063899975e+03
5.936086509179714994e+03
5.931334487992981849e+03
5.936335542814978908e+03
5.940087231376752243e+03
5.933842220011621976e+03
5.930804074672370916e+03
5.929061864944291301e+03
5.926250659791102407e+03
5.914616456419287715e+03
5.914829409056675104e+03
5.915123433225712688e+03
5.911298370351042649e+03
5.907290697632614865e+03
5.908809996456863701e+03
5.910500557723345992e+03
5.908518159285345973e+03
5.906108657107193721e+03
5.902997421095469690e+03
5.900535224941873821e+03
5.897569486807001340e+03
5.895625920742473681e+03
5.893465161904152410e+03
5.888090797109764026e+03
5.884935574860853194e+03
5.882415163548201235e+03
5.882422748834023878e+03
5.882855264920563059e+03
5.880423369076091149e+03
5.876850080586993499e+03
5.876036028815577993e+03
5.871872885272770873e+03
5.870380863029106877e+03
5.867630496153375134e+03
5.861416184505624187e+03
5.857825068016439218e+03
5.855382843086155845e+03
5.850604250289123229e+03
5.848807044837229114e+03
5.849951015295614525e+03
5.849535910799282647e+03
5.847721007111455037e+03
5.844523304653224841e+03
5.844018685414518586e+03
5.842935626236658209e+03
5.842433065060326953e+03
5.837765850190344281e+03
5.837619493546892045e+03
5.831390205547600090e+03
5.826890147016764786e+03
5.827716299890935261e+03
5.822570176487584831e+03
5.816451069142862252e+03
5.814091152977087404e+03
5.807973184403874257e+03
5.804676136341786332e+03
5.801585747456960235e+03
5.801604551860575157e+03
5.803734404763112252e+03
5.804369687089941181e+03
5.802075279970845259e+03
5.799719796268418577e+03
5.794192612672682117e+03
5.797894916681332688e+03
5.797638696434290978e+03
5.794823865135819688e+03
5.789250293224883535e+03
5.785749346621488257e+03
5.786231422300495069e+03
5.785121815333432096e+03
5.782572495779390920e+03
5.786276826017135136e+03
5.782810146871356665e+03
5.780238359488491369e+03
5.777863605641395225e+03
5.774893578395557597e+03
5.769593920019254256e+03
5.763855289841837475e+03
5.764328776528731396e+03
5.765347242399398056e+03
5.766592898621272070e+03
5.765935478890673039e+03
5.767434964059253616e+03
5.764757411245021103e+03
5.762337407546368013e+03
5.764407394993761955e+03
5.758365318774954176e+03
5.753484563788106243e+03
5.752924313688360598e+03
5.750256466966678090e+03
5.754639917955653800e+03
5.752839613690615806e+03
5.751625115930526590e+03
5.749724217241699080e+03
5.746542138479978348e+03
5.746948661518444169e+03
5.741935332833583743e+03
5.740526976714962984e+03
5.734451804221302154e+03
5.734620031310491868e+03
5.737219280678688847e+03
5.738140599746749103e+03
5.730472460006071742e+03
5.724669506964650282e+03
5.721149706644468097e+03
5.718094984441961969e+03
5.712503764330183913e+03
5.715082232498388294e+03
5.717006428062768464e+03
5.714268801876469297e+03
5.716611376734188525e+03
5.716008092043358374e+03
5.716732618379928681e+03
5.715175428265350092e+03
5.716742222079708881e+03
5.713450232291799693e+03
5.713587328968204929e+03
5.711082188318000590e+03
5.702136378185165995e+03
5.702314216112207760e+03
5.697394069140224019e+03
5.695980221664694000e+03
5.693909799581551852e+03
5.688824623049141337e+03
5.691686360551947473e+03
5.694362740628025676e+03
5.686118102285713576e+03
5.686369313269820850e+03
5.681236773251795057e+03
5.679066175019514958e+03
5.676928469200177460e+03
5.670440291083918964e+03
5.669074952179397769e+03
5.667982293760616813e+03
5.666614433356657173e+03
5.666158687114665554e+03
5.664693679029307532e+03
5.665706047771317571e+03
5.667071864162983729e+03
5.662550299186858865e+03
5.663294931165435628e+03
5.664838327522824329e+03
5.660124136436203116e+03
5.660454259084335717e+03
5.658030340388637342e+03
5.656073535632233870e+03
5.652811006111358438e+03
5.649223886416903952e+03
5.651647298763307845e+03
5.647411156370473691e+03
5.644532627178281473e+03
5.644686224994420627e+03
5.638220518375310348e+03
5.633334612018460575e+03
5.635159000345068307e+03
5.635672315680843894e+03
5.632101841092747236e+03
5.623192721776368671e+03
5.625036213642436451e+03
5.621933366683895656e+03
5.626172659509056757e+03
5.620318234436052080e+03
5.617580561327365103e+03
5.617874906157041551e+03
5.613984626960907917e+03
5.612441379838038301e+03
5.610845930487496844e+03
5.606150759885095795e+03
5.608340719235816323e+03
5.609577448258587538e+03
5.606262458318016797e+03
5.603358115891747730e+03
5.604300000660680780e+03
5.602672096477283048e+03
5.601460701846856864e+03
5.599830517654185314e+03
5.594406726780709505e+03
5.591594111919686839e+03
5.586933622823974474e+03
5.582529134696493202e+03
5.586650591002779038e+03
5.586608439830979478e+03
5.581157093606028866e+03
5.581011091917135673e+03
5.581842799346278298e+03
5.582626461862721044e+03
5.573288248122867117e+03
5.575921448464349851e+03
5.572649316670710505e+03
5.569799294599587483e+03
5.564717697001351553e+03
5.565453941705469333e+03
5.564686240281374921e+03
5.561027787392738901e+03
5.558977930354936689e+03
5.559045975255246958e+03
5.557222081988225909e+03
5.551315283114487102e+03
5.551408463335044871e+03
5.549136777466123021e+03
5.545649049243542322e+03
5.548060028443590454e+03
5.550172776481226720e+03
5.547750586086553085e+03
5.545451022387123885e+03
5.538917940110579366e+03
5.537130638858034217e+03
5.533643031537826573e+03
5.530089135842858013e+03
5.521786002482631375e+03
5.519377884545887355e+03
5.517009003148207739e+03
5.516650161080643556e+03
5.513829144783742777e+03
5.513480607935185617e+03
5.514484062255865865e+03
5.514462199262133254e+03
5.511423116826536898e+03
5.511636264758929428e+03
5.507628269099004683e+03
5.507848258782976700e+03
5.505089104745482473e+03
5.506460774863079678e+03
5.499122867345437044e+03
5.503762066382474586e+03
5.506735348198548309e+03
5.500303907952951704e+03
5.496425570129027619e+03
5.500596832526922299e+03
5.494859429486389672e+03
5.497120369110839420e+03
5.495011854952769681e+03
5.489442512928474571e+03
5.488459307779482515e+03
5.484018050708215014e+03
5.479426199468578488e+03
5.473723123288556053e+03
5.475949601839185561e+03
5.475707707369263517e+03
5.466813092416378822e+03
5.466269960502573667e+03
5.462971272684225369e+03
5.459623682995984382e+03
5.456854729263888657e+03
5.453519310376624162e+03
5.458061568207585879e+03
5.453186878392305516e+03
5.455736196709036449e+03
5.455152822457985167e+03
5.452033507689643557e+03
5.445216389222932776e+03
5.440667038957719342e+03
5.440923628586088853e+03
5.438876950478483195e+03
5.437698685604097591e+03
5.428764819153961071e+03
5.430451270232367278e+03
5.429310156727044159e+03
5.428791876807634253e+03
5.427016769249350546e+03
5.427701874026487531e+03
5.432759822067123423e+03
5.428976063174351111e+03
5.430368523803549579e+03
5.422854827957185989e+03
5.418780038635484743e+03
5.419059867403334465e+03
5.419670380079981442e+03
5.411848215401353627e+03
5.407470109499318824e+03
5.412348087885770838e+03
5.411093414775875317e+03
5.407434392011900854e+03
5.404418886441882933e+03
5.402656516495017058e+03
5.395503995811677669e+03
5.388775640467091762e+03
5.388417277063804249e+03
5.383960354202811686e+03
5.382909482480050428e+03
5.379452440874773856e+03
5.377084649528305818e+03
5.375051601515671791e+03
5.374940004288917407e+03
5.371145686657553597e+03
5.367855659257110347e+03
5.367529027940555352e+03
5.368623409710591659e+03
5.371972633536903231e+03
5.370542672070809203e+03
5.367908124278438663e+03
5.368432021179234653e+03
5.370460190470617817e+03
5.368114361239742720e+03
5.371081562265678258e+03
5.369827044359595675e+03
5.367210676410788437e+03
5.363737885816101880e+03
5.356680994832920987e+03
5.358043240040963610e+03
5.354320799330048430e+03
5.353828070500006106e+03
5.352933088116687031e+03
5.346222633094923367e+03
5.343787268394859893e+03
5.342743271912599084e+03
5.342577827886933846e+03
5.339963021056240905e+03
5.340077600152972082e+03
5.343664773630624040e+03
5.336431296339505025e+03
5.333134842172257777e+03
5.328692064955045680e+03
5.333470948096142820e+03
5.333073647786777656e+03
5.327802278107446909e+03
5.324134052187905581e+03
5.319885822708514752e+03
5.316885369258780884e+03
5.319105359467993367e+03
5.319808060564284460e+03
5.314472416338935545e+03
5.313932036905096538e+03
5.307901935409504404e+03
5.311994404751475486e+03
5.308800810065795304e+03
5.309818225273475036e+03
5.307495092205981564e+03
5.305033330455220494e+03
5.301865698968231300e+03
5.298265215040135445e+03
5.294639271609962634e+03
5.295322195123242636e+03
5.294858843525199518e+03
5.300925787418374057e+03
5.299045936898380205e+03
5.294863666071217267e+03
5.292143086725550347e+03
5.290331457334445076e+03
5.286338772439537024e+03
5.278520835745510340e+03
5.280258784419128460e+03
5.283850176317107980e+03
5.281066552868283907e+03
5.279130318760004229e+03
5.277189298932697966e+03
5.274902564438500121e+03
5.274005379074361372e+03
5.269957184794338900e+03
5.268840137182570288e+03
5.258143795923241669e+03
5.262033709444599481e+03
5.256827161970230009e+03
5.257864544158414901e+03
5.259402117669047584e+03
5.257937821046609315e+03
5.254442175170519477e+03
5.255917810983527488e+03
5.257092069261219876e+03
5.251567781413473313e+03
5.247015982960780093e+03
5.246821140533309517e+03
5.247846405130841049e+03
5.238462811935924947e+03
5.235660032932117247e+03
5.238067571123200651e+03
5.235097514332349419e+03
5.236310335448430124e+03
5.233543333656709365e+03
5.230958063528066305e+03
5.232082421427313420e+03
5.228043878307818886e+03
5.221810106473236374e+03
5.220965866700080369e+03
5.220724864169251305e+03
5.228750328354049998e+03
