1.000000000000000000e+00
9.534439952376344563e-01
9.119513851475704591e-01
8.766457816645000234e-01
8.506535860693302808e-01
8.212991463029655215e-01
7.975235730152343550e-01
7.754636336576747890e-01
7.540944431941228876e-01
7.327405599311589413e-01
7.120439423857882755e-01
6.933321067032289786e-01
6.793154794260750640e-01
6.656113191706053422e-01
6.483440775759544694e-01
6.389596267650676786e-01
6.247257996756264697e-01
6.144680858736374374e-01
6.027203601570133573e-01
5.870054816945511345e-01
5.711868032874081180e-01
5.650332291742666824e-01
5.588205374218216948e-01
5.517884802610787398e-01
5.442119199150581288e-01
5.355513110050013070e-01
5.261034707732192839e-01
5.242436719214305096e-01
5.134848224351482582e-01
5.062049477032638523e-01
4.940200853838102590e-01
4.897439716495332607e-01
4.802243514637222210e-01
4.708991123349876018e-01
4.673038283878110932e-01
4.576932904642364019e-01
4.533286198400716671e-01
4.479011871599021255e-01
4.476722737667015450e-01
4.413679975938436528e-01
4.339905124400328384e-01
4.293513182146545537e-01
4.300453565750940177e-01
4.181068546393543750e-01
4.156113518721425981e-01
4.068155082855044458e-01
4.042976237967993436e-01
4.053885130968984396e-01
3.991053940091424113e-01
3.969799817055578717e-01
3.955431014581775040e-01
3.924760174041198035e-01
3.865447986819791626e-01
3.812098179052451630e-01
3.776105928295006020e-01
3.783155658207802974e-01
3.738926574923616686e-01
3.708416647272078648e-01
3.708903271467247631e-01
3.630789081652327499e-01
3.625272748820367319e-01
3.584040373289884007e-01
3.526242974028837018e-01
3.496340000208164600e-01
3.439318815465820522e-01
3.367903642992362001e-01
3.329806230174897630e-01
3.262133070252949962e-01
3.258396841584273451e-01
3.224057113554569254e-01
3.259650628222934832e-01
3.177307086662340962e-01
3.159008829246293115e-01
3.170457096487134807e-01
3.180926745894032126e-01
3.161471728981368190e-01
3.132780151990618989e-01
3.103857033953167366e-01
3.082531716875645533e-01
3.098111367812980688e-01
3.089109202954716804e-01
3.087663056432423114e-01
3.089054828570290123e-01
3.096847320179200724e-01
3.115279226259889955e-01
3.134820306095508768e-01
3.127528837416002072e-01
3.046906558693717182e-01
3.078929456523591401e-01
3.048469615266911070e-01
3.026403483729737109e-01
3.058318687626087051e-01
3.005634452723644490e-01
2.958555927781132411e-01
2.910013553537519893e-01
2.840463546338803935e-01
2.777814344857683637e-01
2.753215464174773586e-01
2.792473368207435969e-01
2.780062474820032548e-01
