1.000000000000000000e+04
9.747111738691750361e+03
9.594483683600514269e+03
9.481634819409060583e+03
9.393157971327402265e+03
9.323773524864536739e+03
9.265669605158718696e+03
9.217976151064363876e+03
9.181862739377182152e+03
9.150486155441083611e+03
9.120050274315944989e+03
9.095606830618800814e+03
9.079410142776487191e+03
9.063396997489322530e+03
9.050061595869723533e+03
9.037989734357262932e+03
9.030260007202008637e+03
9.023196628998901360e+03
9.014391761988525104e+03
9.008411602295411285e+03
9.006351977307371271e+03
9.003638517745201170e+03
8.999331554430356846e+03
8.996755990925847073e+03
8.991157068192544102e+03
8.989869878792278541e+03
8.989865558859539306e+03
8.988461545556729106e+03
8.987417999001416320e+03
8.987327710611554721e+03
8.988018014150007730e+03
8.984685288936901998e+03
8.984250169724678926e+03
8.986631100494043494e+03
8.986989511027220942e+03
8.986709457259063129e+03
8.987515683440191424e+03
8.985188565913480488e+03
8.984860154972275268e+03
8.984837976534230620e+03
8.985773170749520432e+03
8.984696895523838975e+03
8.988307199055674573e+03
8.989812254627395305e+03
8.991817143608011975e+03
8.993021414699251181e+03
8.993156249408466465e+03
8.992204769306932576e+03
8.994852835569143281e+03
8.995624864449862798e+03
8.998025686375978694e+03
8.998996035640768241e+03
9.001211757842080260e+03
9.004351248153518100e+03
9.004465846503775538e+03
9.005721807768108192e+03
9.007707291767963397e+03
9.011191044013759893e+03
9.013007239391905387e+03
9.013590911080453225e+03
9.014140311936522266e+03
9.015260705823122407e+03
9.018938982751014919e+03
9.019731923989760617e+03
9.021479241114924662e+03
9.025087805561195637e+03
9.029953089244345392e+03
9.030469647073821761e+03
9.032057024508054383e+03
9.034835069023294636e+03
9.038052107748146227e+03
9.038739313334303006e+03
9.038658242733094085e+03
9.042336865360362935e+03
9.043102998409483916e+03
9.046511555897557628e+03
9.046941525323587484e+03
9.052006623378403674e+03
9.056121462643417544e+03
9.059740753770878655e+03
9.060500432594337326e+03
9.060620492044237835e+03
9.061217826909474752e+03
9.065405077105293458e+03
9.069071957193667913e+03
9.069855967239322126e+03
9.072549823781990199e+03
9.074725156646562027e+03
9.076205049702221004e+03
9.074679712931638278e+03
9.078452878198097096e+03
9.079263844520080966e+03
9.079239178242914932e+03
9.079743458048713364e+03
9.084622755272455834e+03
9.084050065497445758e+03
9.084197572878458232e+03
9.086648059639754138e+03
9.086700480871806576e+03
9.086803375977860924e+03
9.089534780605285050e+03
9.090139410532987313e+03
9.093260961617888825e+03
9.095444241475723175e+03
9.096236204340500990e+03
9.097583720361148153e+03
9.099984766731275158e+03
9.104573015541898712e+03
9.105072347506567894e+03
9.107308096944323552e+03
9.106553462406462131e+03
9.107201514899026733e+03
9.109746791234914781e+03
9.109138251522312203e+03
9.109953560814277807e+03
9.108043456013903779e+03
9.109214978436046295e+03
9.109885661632684787e+03
9.113465806064941717e+03
9.114066186571573780e+03
9.115474850871307353e+03
9.116026878195061727e+03
9.117958273908820047e+03
9.120764611632819651e+03
9.122401225346453430e+03
9.124201387519815398e+03
9.124721140150599240e+03
9.127907464606225403e+03
9.129594617477285283e+03
9.129862671160070022e+03
9.132363492967448110e+03
9.135601325211406220e+03
9.136086694966872528e+03
9.136490473222631408e+03
9.137255902838745897e+03
9.140424048549286454e+03
9.141195750205204604e+03
9.142940193547192393e+03
9.145010851386166905e+03
9.146397125040946776e+03
9.148166182636128724e+03
9.149664814959221985e+03
9.149476786980460020e+03
9.151351635789893407e+03
9.153005408392860772e+03
9.153358653859428159e+03
9.154907080054597827e+03
9.154729920909407156e+03
9.159970438431702860e+03
9.159621060528768794e+03
9.158163897957554582e+03
9.155780509520305714e+03
9.159609676539081192e+03
9.161111555702686019e+03
9.162053323021877077e+03
9.164753403604687264e+03
9.163594917389116745e+03
9.163798438137253470e+03
9.163958397462796711e+03
9.165243033518436278e+03
9.168474721312300971e+03
9.166252391382129645e+03
9.169077625177049413e+03
9.168117365005093234e+03
9.169657414159039035e+03
9.171739871698428033e+03
9.170988047514436403e+03
9.172278830003871917e+03
9.174304627167934086e+03
9.175529009804969974e+03
9.177055009725585478e+03
9.179606837228857330e+03
9.178133478824747726e+03
9.178641741336050472e+03
9.179339636951654029e+03
9.181765904801282886e+03
9.183365007574524498e+03
9.184942395357826172e+03
9.185418524489123229e+03
9.189002805000704029e+03
9.193291199506356861e+03
9.193435674349851979e+03
9.196705475431132072e+03
9.197316184394270749e+03
9.197988306374496460e+03
9.199163079801459389e+03
9.200516374103517592e+03
9.199597221760746834e+03
9.200583274002587132e+03
9.198710507708372461e+03
9.200053136108781473e+03
9.199482664105111326e+03
9.199920320972096306e+03
9.197660038132360569e+03
9.200427859702786009e+03
9.200183560617026160e+03
9.201335252456430680e+03
9.202454043730194826e+03
9.203549641249044726e+03
9.204874228657114145e+03
9.204059021579574619e+03
9.205192320772684980e+03
9.205569322200515671e+03
9.206658130921121483e+03
9.207578831442859155e+03
9.207858867259838007e+03
9.209951327493305143e+03
9.213629658827472667e+03
9.215859219284689971e+03
9.216620505455090097e+03
9.216675070659259291e+03
9.220213926290303789e+03
9.220934835428950464e+03
9.221912522480637563e+03
9.224410811948016999e+03
9.224516343427763786e+03
9.224333016484741165e+03
9.225574919990298440e+03
9.224299148659674756e+03
9.225261241405325563e+03
9.224738838005143407e+03
9.225825651980603652e+03
9.225113835664322323e+03
9.228454047942628677e+03
9.228561698078783593e+03
9.227690005977059627e+03
9.231146319342189599e+03
9.228769296811740787e+03
9.229383855621417752e+03
9.231845812657358692e+03
9.229719731585155387e+03
9.229632295770454220e+03
9.229898039988021992e+03
9.232213059593146681e+03
9.232999119413754670e+03
9.235986946047769379e+03
9.236767493249406471e+03
9.235676083758911773e+03
9.237592970587025775e+03
9.237500342217372236e+03
9.237893782004653985e+03
9.238586638580380168e+03
9.238136505147607750e+03
9.236712579763139729e+03
9.239557546902882677e+03
9.241949784003974855e+03
9.240453965787910420e+03
9.239183226494600603e+03
9.241064166774200203e+03
9.242495907408028870e+03
9.244506015175184075e+03
9.244509216895447025e+03
9.245211098713365573e+03
9.246298613929793646e+03
9.246057929258187869e+03
9.247843893888322782e+03
9.250391269834579361e+03
9.249844692675318583e+03
9.250768991923227077e+03
9.251459382265413296e+03
9.253444672507892392e+03
9.253039262270593099e+03
9.251867236511176088e+03
9.250857901279174257e+03
9.251032147965845070e+03
9.250931572204144686e+03
9.253025576567755706e+03
9.255084983619561172e+03
9.254849925786676977e+03
9.256091240817984726e+03
9.258674163395047799e+03
9.260166379729333130e+03
9.262808816202992602e+03
9.260684793439699206e+03
9.261937093110413116e+03
9.262130070473318483e+03
9.265236456307733533e+03
9.266737604686986742e+03
9.268471004759610878e+03
9.270263574531723862e+03
9.269756910583930221e+03
9.270619825639763803e+03
9.269981178407622792e+03
9.270666406616986933e+03
9.271352433900330652e+03
9.271651800588118931e+03
9.270776285398504115e+03
9.270907549269191804e+03
9.270510729048697613e+03
9.269948856453162080e+03
9.270661682979924080e+03
9.270815046310128309e+03
9.270899344876652322e+03
9.270545084710907759e+03
9.272042253227355104e+03
9.274397560249281014e+03
9.274963293571199756e+03
9.277159561342645247e+03
9.277782475629983310e+03
9.278829927759334169e+03
9.281151633746017978e+03
9.281428181567265710e+03
9.282448798325836833e+03
9.281202672391587839e+03
9.281304702303568774e+03
9.279445749915550550e+03
9.280950330799969379e+03
9.280638751681972280e+03
9.282938093992490394e+03
9.283821172580646817e+03
9.284274197562972404e+03
9.284685051113530790e+03
9.287350035471186857e+03
9.288791725232886165e+03
9.287977170193184065e+03
9.287362100603793806e+03
9.289590225584108339e+03
9.291322201631364806e+03
9.291619383361246946e+03
9.292058136440065937e+03
9.293826252073577052e+03
9.296905363729823875e+03
9.297726350131701111e+03
9.298208745418454782e+03
9.297176471419643349e+03
9.300335296747200118e+03
9.300405292836425360e+03
9.299739640989269901e+03
9.299902741412379328e+03
9.298651612605039190e+03
9.299919685419810776e+03
9.301875109066862933e+03
9.303320744622034908e+03
9.304243106810981772e+03
9.303519456633497612e+03
9.301446098913758760e+03
9.301973202054896319e+03
9.302515327069433624e+03
9.302770667655835496e+03
9.301851508585508782e+03
9.303079225726776713e+03
9.303681774180242428e+03
9.302666126101334157e+03
9.304899970008447781e+03
9.306173733897703642e+03
9.307617137413411911e+03
9.305103115199202875e+03
9.306476108697854215e+03
9.306140821571005290e+03
9.307035992734708998e+03
9.306419581695192392e+03
9.307009772649218576e+03
9.307033544501384313e+03
9.309764992119722592e+03
9.310856672878133395e+03
9.310783661239029243e+03
9.308983709941227062e+03
9.310399298875541717e+03
9.312376266376320928e+03
9.311569404619898705e+03
9.310556398116998025e+03
9.310111971828338937e+03
9.310471759348103660e+03
9.311791894819834852e+03
9.311837602101339144e+03
9.312806905470526544e+03
9.313339615958146169e+03
9.315897758671011616e+03
9.315485597090741066e+03
9.317610161973057984e+03
9.318995707291544022e+03
9.319622755668864556e+03
9.318168228709908362e+03
9.318395446508235182e+03
9.318580520335182882e+03
9.320208811189004336e+03
9.320807354249080163e+03
9.322028606566980670e+03
9.323944760836526257e+03
9.322330711818520285e+03
9.322840533047457939e+03
9.322456491749428096e+03
9.321760137693549041e+03
9.322024758314630162e+03
9.322268918123007097e+03
9.323213166883386293e+03
9.322988094405120137e+03
9.322633523886166586e+03
9.323899562166008764e+03
9.326838604225797098e+03
9.326474184044733192e+03
9.326367198701662346e+03
9.327168900979964747e+03
9.326769328996215336e+03
9.328055061075032427e+03
9.327176623232766360e+03
9.328806330267825615e+03
9.327596695335454569e+03
9.328335183946081088e+03
9.327313474666714683e+03
9.330162096454580023e+03
9.329637161430850028e+03
9.330466916857272736e+03
9.330329310358783914e+03
9.330080196923529002e+03
9.330077571007348524e+03
9.329371270484085471e+03
9.331884718787645397e+03
9.332881815533964982e+03
9.333537342434123275e+03
9.333823658100216562e+03
9.333209584838696173e+03
9.332415941431359897e+03
9.333682042254165935e+03
9.336008399690903389e+03
9.335804166875215742e+03
9.337631293171636571e+03
9.338119939855956545e+03
9.339171717481151063e+03
9.340287913318195933e+03
9.340290760408137430e+03
9.340972300909450496e+03
9.340067899331039371e+03
9.339583147124065363e+03
9.339531620266205209e+03
9.339613977942193742e+03
9.338982160611676591e+03
9.340270282279128878e+03
9.340534790131647242e+03
9.342255644224756907e+03
9.343502731136277362e+03
9.343170940564621560e+03
9.345148465135662263e+03
9.345263006035578655e+03
9.346066202939280629e+03
9.347079224690332921e+03
9.347748218181135599e+03
9.348695430985639177e+03
9.349787607423526424e+03
9.348734117136342320e+03
9.349067986873045811e+03
9.350130785906543679e+03
9.351171208570194722e+03
9.352589639688478201e+03
9.353151008231689048e+03
9.353801185855038057e+03
9.353532789850904010e+03
9.352839623914680487e+03
9.351719429950464473e+03
9.352608187835856370e+03
9.351470836045940814e+03
9.352827516935376480e+03
9.353089557354835051e+03
9.352703001916150242e+03
9.353356048723731874e+03
9.353741423288467558e+03
9.352905821532622213e+03
9.355749539785198067e+03
9.357344501345958633e+03
9.357542247729368682e+03
9.356639664228043330e+03
9.356821404659383916e+03
9.356766342279794117e+03
9.357909096629211490e+03
9.358507336139326071e+03
9.357925433175356375e+03
9.359118027895303385e+03
9.358434165669998038e+03
9.360203859685123462e+03
9.360381650120249105e+03
9.360582278890997259e+03
9.361915339274883081e+03
9.362501264972366698e+03
9.363799947228995734e+03
9.363354046208600266e+03
9.363827767321168722e+03
9.364521369774733103e+03
9.363921628266154585e+03
9.363555368793709931e+03
9.365261419287631725e+03
9.365332430169621148e+03
9.363612734128379088e+03
9.364954490899050143e+03
9.366042301215629777e+03
9.367143341505503486e+03
9.366772375938448022e+03
9.366787275384393070e+03
9.366666719543931322e+03
9.370462314115566187e+03
9.369920329521386520e+03
9.369308281553783672e+03
9.367518242084817757e+03
9.368080038227428304e+03
9.368430454501938584e+03
9.370425059657949532e+03
9.369773219712353239e+03
9.371199881543114316e+03
9.370901098853879375e+03
9.371348655010076982e+03
9.370776445012708791e+03
9.372045374045730568e+03
9.372813422846185858e+03
9.372319808752363315e+03
9.372345781577798334e+03
9.372486649071068314e+03
9.372664727308481815e+03
9.374112774765832000e+03
9.372709126213712807e+03
9.373981868308788762e+03
9.375228856265917784e+03
9.374809292798465322e+03
9.375633956680067058e+03
9.378674848073937028e+03
9.379271857322171854e+03
9.381607175598415779e+03
9.381134306769343311e+03
9.381178376567042505e+03
9.383544046104976587e+03
9.385547682222237199e+03
9.384822285058000489e+03
9.384315418685180703e+03
9.384764156162224026e+03
9.385558208363758240e+03
9.385839489667512680e+03
9.385923074240432470e+03
9.385935305827773846e+03
9.386297402542948475e+03
9.385275580067775081e+03
9.384392568660961842e+03
9.384858750969602625e+03
9.386794402256511603e+03
9.386349942050686877e+03
9.385803288599799998e+03
9.386609982338466580e+03
9.385788715158776540e+03
9.384893899564631283e+03
9.385761768925758588e+03
9.385191404824725396e+03
9.386008651675314468e+03
9.386539793765577997e+03
9.387740096379760871e+03
9.389884062848781468e+03
9.389990758933869074e+03
9.387914798323914511e+03
9.386807478972354147e+03
9.387092945304950263e+03
9.387716765497136294e+03
9.389250995032261926e+03
9.390533621122986006e+03
9.392282368027781558e+03
9.392783289100590991e+03
9.392667565658461172e+03
9.393555324259943518e+03
9.392778696583503915e+03
9.392439697720101321e+03
9.390812999031655636e+03
9.392052763337645956e+03
9.393803705002457718e+03
9.393491757645875623e+03
9.391690851514304086e+03
9.393118145482898399e+03
9.392471743359474203e+03
9.392408356296818965e+03
9.391146877905799556e+03
9.391052509565499349e+03
9.391554216757433096e+03
9.392595982608059785e+03
9.393272411709313019e+03
9.392894081992557403e+03
9.394564083171520906e+03
9.394069195439386021e+03
9.391451643356025670e+03
9.393345011573139345e+03
9.394924947109366258e+03
9.393619707635123632e+03
9.393510918916907031e+03
9.394866663133392649e+03
9.395455032009713250e+03
9.393967194440721869e+03
9.394637280512233701e+03
9.396359755959676477e+03
9.396739761255399571e+03
9.396798326662083127e+03
9.396129513949497778e+03
9.397595452267345536e+03
9.397175437777739717e+03
9.396272277958163613e+03
9.395673638913571267e+03
9.395029499174899684e+03
9.394599933880241224e+03
9.395853019608972318e+03
9.396562885173489121e+03
9.397112211588155333e+03
9.398529791644657962e+03
9.401730186762964877e+03
9.400884790722080652e+03
9.398979639084771406e+03
9.399575127829353733e+03
9.398958478540564101e+03
9.398600426525026705e+03
9.399320158036285648e+03
9.399298113119175468e+03
9.397427824755703114e+03
9.397184927658563538e+03
9.397684294003751347e+03
9.398040432571326164e+03
9.399121193073890026e+03
9.398478670566502842e+03
9.399429796748461740e+03
9.398040124857379851e+03
9.396663264943455943e+03
9.397498467889583480e+03
9.398208135029532059e+03
9.399218103125813286e+03
9.399622500321174812e+03
9.399786210149262843e+03
9.398912410347904370e+03
9.402024929231500209e+03
9.402471144236253167e+03
9.402886000215852619e+03
9.403866345165839448e+03
9.403947201834080261e+03
9.403502001680257308e+03
9.405455237267702614e+03
9.405523827972741856e+03
9.406802581414634915e+03
9.407902566049631787e+03
9.407819955444372681e+03
9.408859192930416611e+03
9.407791488649645544e+03
9.406810646556603388e+03
9.409221480072414124e+03
9.409025552388997312e+03
9.408234425215236115e+03
9.408655026008096684e+03
9.407771173116783757e+03
9.406973446209794929e+03
9.407236103731027470e+03
9.408928205229454761e+03
9.409996008159192570e+03
9.410747204810939365e+03
9.410646463216344273e+03
9.410570265822580041e+03
9.409895816654963710e+03
9.410883570899442930e+03
9.413000730781406673e+03
9.412923088632305735e+03
9.414862085288988965e+03
9.415557231775885157e+03
9.415227710027163994e+03
9.416056133836827939e+03
9.416005412904516561e+03
9.417807614326680778e+03
9.418898150290335252e+03
9.418500833332696857e+03
9.419077764282419594e+03
9.419194895770122457e+03
9.419865667934363955e+03
9.422594602027143992e+03
9.422430363848552588e+03
9.421117305397176096e+03
9.420555178583555971e+03
9.421457289885995124e+03
9.421895997898500354e+03
9.421826757746364819e+03
9.422070494157485882e+03
9.422206179137765503e+03
9.424789442665894967e+03
9.424760011080752520e+03
9.425576401344604164e+03
9.425837918862880542e+03
9.425716634828093447e+03
9.425852228580764859e+03
9.428138475126226695e+03
9.428507115959850125e+03
9.429361415982260951e+03
9.430119669360996340e+03
9.430548838988925127e+03
9.431782135786479557e+03
9.432138389204063060e+03
9.431274826921226122e+03
9.431075970266083459e+03
9.430190807324055640e+03
9.431671964324161308e+03
9.432246740572965791e+03
9.431095311984481668e+03
9.431536398604970600e+03
9.431188518363345793e+03
9.430982817611396968e+03
9.431847407611698145e+03
9.433069828348645387e+03
9.435462309308186377e+03
9.433914498519809058e+03
9.434580775754691786e+03
9.434922965571353416e+03
9.434096958363747035e+03
9.434269908655265681e+03
9.435400399262443898e+03
9.433169068119297663e+03
9.433143528819759013e+03
9.433009824945918808e+03
9.431928470124379601e+03
9.433212138043800223e+03
9.432546698556459887e+03
9.432478007526638976e+03
9.430213676238485277e+03
9.429861764016603047e+03
9.431877172470931328e+03
9.431545504884503316e+03
9.431562666675839864e+03
9.432121310578058910e+03
9.433538743531769796e+03
9.433526155032581300e+03
9.432767996219270572e+03
9.433698152660883352e+03
9.434053469091417355e+03
9.434299675716723868e+03
9.434425630606203413e+03
9.435391025951292249e+03
9.434659476448592613e+03
9.435673112054973899e+03
9.436640779012479470e+03
9.437408601852839638e+03
9.438137191479669127e+03
9.438602804502404979e+03
9.437668341727692678e+03
9.436949929302849341e+03
9.437628846283832900e+03
9.436728875839689863e+03
9.436644225894120609e+03
9.438126481989298554e+03
9.437129445999340533e+03
9.439274514449392882e+03
9.440826769271990997e+03
9.442306790041424392e+03
9.442645752270473167e+03
9.441616629742638906e+03
9.442655165415239026e+03
9.442358148073150005e+03
9.441084998362124679e+03
9.440214631103766806e+03
9.439479057610453310e+03
9.436434891201815844e+03
9.437501335929797278e+03
9.437299554652949155e+03
9.438975745867495789e+03
9.440984662249938992e+03
9.440952402932593031e+03
9.441349973682248674e+03
9.441572806866151950e+03
9.441029397341511867e+03
9.441093962076954995e+03
9.440790140245262592e+03
9.443792074415674506e+03
9.443499639244473656e+03
9.442699601909713238e+03
9.442626341035567748e+03
9.443233405883269370e+03
9.443534871930714871e+03
9.444020082317678316e+03
9.444321230371577258e+03
9.446285520723911759e+03
9.445346408065943251e+03
9.445440287295055896e+03
9.445456480870341693e+03
9.446064378832106740e+03
9.446706034137851020e+03
9.448314082191849593e+03
9.447146625979765304e+03
9.448367256731697125e+03
9.446847427431501274e+03
9.448719453181473000e+03
9.449252972209587824e+03
9.447945151816986254e+03
9.448040784526850985e+03
9.448563838382042377e+03
9.447966416043627760e+03
9.447330080145917236e+03
9.447524813293770421e+03
9.446762264674473045e+03
9.449430858935067590e+03
9.449659672406378377e+03
9.448096857038426606e+03
9.447166570226632757e+03
9.449040408200176898e+03
9.449581765068067398e+03
9.450227256559062880e+03
9.449633330655537065e+03
9.451487670618054835e+03
9.450552995473242845e+03
9.450094543727394921e+03
9.450336625035164616e+03
9.450785355038829948e+03
9.451565641554272588e+03
9.452167012298039481e+03
9.452279859091147955e+03
9.453772396771084459e+03
9.453832390842524546e+03
9.454881678954323434e+03
9.456228594806754700e+03
9.455759388946871695e+03
9.455778189321061291e+03
9.454845706880138096e+03
9.453804090654592073e+03
9.454882578558521345e+03
9.454833092031838532e+03
9.454841413373755131e+03
9.456202026850953189e+03
9.456860558820284496e+03
9.457432724437312572e+03
9.457970537641467672e+03
9.458801481934206095e+03
9.459086610438600474e+03
9.458926629558247441e+03
9.456246392538190776e+03
9.457728182971350179e+03
9.458283866904643219e+03
9.458633288862176414e+03
9.458399499020328221e+03
9.459754677568700572e+03
9.461558183193754303e+03
9.461468477807471572e+03
9.461528547225734656e+03
9.459775039638387170e+03
9.459610746572967400e+03
9.459320334547017410e+03
9.460663528127992322e+03
9.461754599360865541e+03
9.464566959162913918e+03
9.463590447512906394e+03
9.464281508180551100e+03
9.465666222244866731e+03
9.465457740371410182e+03
9.463388150161414160e+03
9.463534122553310226e+03
9.463409942180594953e+03
9.465601236051321393e+03
9.465882037982086331e+03
9.467097649266355802e+03
9.469492502025999784e+03
9.469628134384687655e+03
9.468890943579177474e+03
9.468571405124974262e+03
9.468321236686851989e+03
9.469254454274743694e+03
9.469288230858004681e+03
9.467698475868106470e+03
9.469860908077205750e+03
9.470579413314921112e+03
9.470154962250288008e+03
9.469764562748277967e+03
9.468796772713440077e+03
9.469785710513124286e+03
9.469177037589055544e+03
9.468578746926554231e+03
9.468314820870700714e+03
9.468080642834951504e+03
9.469155615902596764e+03
9.468442006119914367e+03
9.469235824865281757e+03
9.469939581588598230e+03
9.470240722470955006e+03
9.469251526531888885e+03
9.468504284097700292e+03
9.468083730809996268e+03
9.468699338088445074e+03
9.470543031255012465e+03
9.472091422270214025e+03
9.471432549133067369e+03
9.471001202681667564e+03
9.471345606589004092e+03
9.470662443437311595e+03
9.471524915246453020e+03
9.473371420413006490e+03
9.471641694510537491e+03
9.471020665711535912e+03
9.471825831009789908e+03
9.471480321210927286e+03
9.472501513686733233e+03
9.472291987635839178e+03
9.471934608301269691e+03
9.472071743344504284e+03
9.471894291735399747e+03
9.469622218393707954e+03
9.470984211627592231e+03
9.469714535973638704e+03
9.471227025812660941e+03
9.472634044402946529e+03
9.474695210140698691e+03
9.472056468859369488e+03
9.474078261531874887e+03
9.473213231765663295e+03
9.473080164565410087e+03
9.473962686271124767e+03
9.473892779201365556e+03
9.472818557079743186e+03
9.473576510298793437e+03
9.473805312583304840e+03
9.475052834692209217e+03
9.474583420143419062e+03
9.476354297104786383e+03
9.476433673325973359e+03
9.475533040189284293e+03
9.475614782254975580e+03
9.477900215225237844e+03
9.476778608619635634e+03
9.476934786710497065e+03
9.477875993974665107e+03
9.477497984205605462e+03
9.477400884769866025e+03
9.478197739778632240e+03
9.478304494001456987e+03
9.476504165921265667e+03
9.475287445107205713e+03
9.476356203955923775e+03
9.478183584253505614e+03
9.477946850782906040e+03
9.478690956865053522e+03
9.477821061678065234e+03
9.478504307982728278e+03
9.477464424661722660e+03
9.476631155764089272e+03
9.477396598602759695e+03
9.478070190528354942e+03
9.479002425362948998e+03
9.479214521838313885e+03
9.481516216251004153e+03
9.481701937800329688e+03
9.482174206335774215e+03
9.480152545429366000e+03
9.481434619522224239e+03
9.481201686827986123e+03
9.481965084961735556e+03
9.480478052323913289e+03
9.481593543682516611e+03
9.482993149645728408e+03
9.483870774958313632e+03
9.484682604293300756e+03
9.484816207563708303e+03
9.482886966541274887e+03
9.482962225288807531e+03
9.483304096852356452e+03
9.484193861062534779e+03
9.483824348272251882e+03
9.483131696636661218e+03
9.483739650441606500e+03
9.485698373494284169e+03
9.487806764445494991e+03
9.488446977057714321e+03
9.486556041999690933e+03
9.488971404374335179e+03
9.488674364740534656e+03
9.488201798940539447e+03
9.488835086399052670e+03
9.487437884142911571e+03
9.487585234487871276e+03
9.488305007284870953e+03
9.488076972832865067e+03
9.490372536455492082e+03
9.490356115497694191e+03
9.489337427967751864e+03
9.490489945610150244e+03
9.490550735423539663e+03
9.491814712944864368e+03
9.489828340674715946e+03
9.490255857216639924e+03
9.489511339305325237e+03
9.487023808696538254e+03
9.486976002899342348e+03
9.487021993687065333e+03
9.487568818853716948e+03
9.487902315644125338e+03
9.490287628159368978e+03
9.490525564214909537e+03
9.489610679704672293e+03
9.490507896445660663e+03
9.491772863300655445e+03
9.490547608255626983e+03
9.491078216046062153e+03
9.492890035993721540e+03
9.492150270244272178e+03
9.491153790832464438e+03
9.493608852126844795e+03
9.492415692497594137e+03
9.492413208765146919e+03
9.491619991060561006e+03
9.493785990549900816e+03
9.494597214133318630e+03
9.493754115592171729e+03
9.494137559761657030e+03
9.494135096685997269e+03
9.493909041593973598e+03
9.493328567430125986e+03
9.491841463675766136e+03
9.492494122132062330e+03
9.495195161527346499e+03
9.495263299158976224e+03
9.495863607617051457e+03
9.495181807535400367e+03
9.495732060180147528e+03
