1.096480974312050438e-01
1.274422783312835206e-01
1.368882194147373332e-01
1.430158794966819302e-01
1.465574742027356825e-01
1.502809616475432597e-01
1.515528297317725870e-01
1.536719703079700572e-01
1.548064837603200239e-01
1.550031693213836104e-01
1.559828026827783931e-01
1.554935463086256353e-01
1.561218137627113645e-01
1.554578709316407903e-01
1.554168151559134625e-01
1.540073542220345704e-01
1.540639527215415805e-01
1.550136280433609404e-01
1.558578793243920180e-01
1.551561394520992732e-01
1.554699527349769073e-01
1.557488603786278958e-01
1.542930577815113669e-01
1.550883766656972751e-01
1.552303503672293472e-01
1.550431982728919245e-01
1.540206680595193056e-01
1.553592483493319298e-01
1.556672758138933910e-01
1.561726331058681805e-01
1.566264966830719363e-01
1.565545079743700940e-01
1.565592958535403922e-01
1.560494156704358704e-01
1.564348141135890324e-01
1.571019887617183808e-01
1.561387244276806752e-01
1.559498684638676580e-01
1.562445426007034732e-01
1.555206629347359593e-01
1.558155906119848833e-01
1.568311694601922379e-01
1.572267605072456831e-01
1.573179632007493112e-01
1.563833621239264782e-01
1.561612612257768928e-01
1.560790640119189276e-01
1.551107381417875797e-01
1.556357856078854629e-01
1.551505497340553708e-01
1.553897042683415608e-01
1.552667034495991971e-01
1.559112775676609053e-01
1.555260518189091890e-01
1.560478692073479778e-01
1.563501865350017950e-01
1.563250689274061078e-01
1.560252148535688221e-01
1.548165675202317904e-01
1.558831707333039329e-01
1.554023600509269742e-01
1.554145669193621737e-01
1.559933377088438544e-01
1.554730690685155181e-01
1.546872623476668596e-01
1.551693480634490918e-01
1.557820855568322616e-01
1.567149927833198231e-01
1.568590431995689205e-01
1.560643305535271419e-01
1.553775810361814058e-01
1.553330945204819680e-01
1.554224561872748211e-01
1.559929950272704313e-01
1.561575382540580093e-01
1.558265830129986484e-01
1.550104120739222158e-01
1.560526060110601632e-01
1.560500498003053182e-01
1.561037785156229873e-01
1.558620261711629040e-01
1.566596696481236950e-01
1.567809019142423765e-01
1.565910978853357893e-01
1.560503698243695947e-01
1.557866155688377441e-01
1.558051701610398687e-01
1.551075867718575974e-01
1.556490278113556169e-01
1.559989199173083541e-01
1.549420457413016594e-01
1.562890300917329778e-01
1.558352420725392928e-01
1.556055758337426542e-01
1.559092916873672241e-01
1.550429751064175965e-01
1.555580292374680318e-01
1.560874153194186098e-01
1.546872974623461350e-01
1.551733771614213775e-01
