1.000000000000000000e+00
9.474335098304582647e-01
9.105085243885184809e-01
8.759921476725451850e-01
8.482090504583554846e-01
8.182580152009761854e-01
7.935376461713389284e-01
7.650806713703509621e-01
7.418523825870682042e-01
7.255431533829761470e-01
7.083543034948286410e-01
6.929594024452632173e-01
6.762395400334908491e-01
6.638374690537972578e-01
6.495403200448790493e-01
6.330610782333473407e-01
6.126745185845277053e-01
5.998315024512606008e-01
5.915846596235797561e-01
5.741857475952408807e-01
5.633732621527957063e-01
5.488481846333641556e-01
5.388857052400768399e-01
5.294757527916945650e-01
5.222417085757298238e-01
5.085583134358597768e-01
5.018970842427283863e-01
4.917573281391455775e-01
4.822347356978199384e-01
4.792160191017420523e-01
4.739953038820841069e-01
4.671530244112183650e-01
4.563899548569984588e-01
4.506906845531525319e-01
4.432543861170836208e-01
4.368334412974160808e-01
4.290035262816153661e-01
4.241541087509221319e-01
4.193340964357266665e-01
4.085612802057391191e-01
4.029709426425736041e-01
3.983792167852115984e-01
3.936931446547556335e-01
3.856843569683530148e-01
3.803799185376861569e-01
3.735887110465340166e-01
3.706929961823937636e-01
3.622558119518757280e-01
3.532812644760808252e-01
3.504861161687564675e-01
3.426112049143671401e-01
3.355694455258189657e-01
3.287012802002030054e-01
3.282138235624095235e-01
3.298949667900498706e-01
3.283717807877327144e-01
3.216478184181055799e-01
3.259611256241913835e-01
3.241044415145122870e-01
3.186329368517132332e-01
3.143710712944328134e-01
3.098530161967856800e-01
3.069899624672070559e-01
3.055812426260762771e-01
3.001948780653830862e-01
2.909442689032921137e-01
2.850751397829979217e-01
2.882307891857220361e-01
2.894223446261048327e-01
2.885453382553270218e-01
2.786837881415277218e-01
2.791122927365271567e-01
2.804764379984935885e-01
2.797950063921634811e-01
2.839003521975504429e-01
2.832287644504320467e-01
2.775390390709976396e-01
2.766385901808217085e-01
2.740805389942791992e-01
2.715897864262784567e-01
2.685158771467699990e-01
2.673726692809632599e-01
2.610223179845707620e-01
2.559025554190740848e-01
2.538347033643409967e-01
2.535246137868095162e-01
2.547301801121781839e-01
2.549124641573374261e-01
2.527592962584612191e-01
2.527794399537263703e-01
2.532674426620276642e-01
2.521433568510236256e-01
2.492797968442725387e-01
2.492666420755751122e-01
2.495175815830372179e-01
2.506023770915811744e-01
2.484911258281285729e-01
2.446147997272551666e-01
2.411107321665306169e-01
2.417571057563055459e-01
