1.000000000000000000e+00
9.451089675161883363e-01
9.018790282427285865e-01
8.582327113258003681e-01
8.235698217268090371e-01
7.888003770981184548e-01
7.581706218133322794e-01
7.283376474405720558e-01
6.999582270642261683e-01
6.812992743398582629e-01
6.626142797567515785e-01
6.415521091041267443e-01
6.208053633281648276e-01
5.995722567418787508e-01
5.821393381383275223e-01
5.685023056974938260e-01
5.503078802411597303e-01
5.348781290211328532e-01
5.189733346000275915e-01
5.047122240793803227e-01
5.005691068041260294e-01
4.943671327464251308e-01
4.844103871917046500e-01
4.675811017549460491e-01
4.602208776190336303e-01
4.445929435237083172e-01
4.359762459772867360e-01
4.239877888198727574e-01
4.154744246921678874e-01
4.057096784601879058e-01
3.979994285742320947e-01
3.937234134390738549e-01
3.872853251280768405e-01
3.781037706795695175e-01
3.702842708176292685e-01
3.711084764685079751e-01
3.657910457907114776e-01
3.621756792169724681e-01
3.563072673714174909e-01
3.555484498132502336e-01
3.444915011252405179e-01
3.431364448928618249e-01
3.377736042875368327e-01
3.248894389816622819e-01
3.110417406792167494e-01
3.053054297995803079e-01
3.045702291687485963e-01
2.957002172682896002e-01
2.955046952948134908e-01
2.909671279729629245e-01
2.871656155958184908e-01
2.830297864764586002e-01
2.794053071200873761e-01
2.800783026344473847e-01
2.794194073609235773e-01
2.729088590785035962e-01
2.715357683434366232e-01
2.692231112407201810e-01
2.649078830106785798e-01
2.659694739535400365e-01
2.648744669560224030e-01
2.615381778613613539e-01
2.602980260729126916e-01
2.595074022584686890e-01
2.560942900562192537e-01
2.489841991874163774e-01
2.470121228051044004e-01
2.457422589665008150e-01
2.453909211401230916e-01
2.434499882472773435e-01
2.432768464039429535e-01
2.356926671539562312e-01
2.353746952384893343e-01
2.380047669651050302e-01
2.320192614053337987e-01
2.279269390887682378e-01
2.304461556334755912e-01
2.308885060105500264e-01
2.299929530666887378e-01
2.261756200171893272e-01
2.231001266234173830e-01
2.248353888235787024e-01
2.205217770528823673e-01
2.186053222552310493e-01
2.153243461612288079e-01
2.100621210260009974e-01
2.097714714664239422e-01
2.094366932819387017e-01
2.051116005802169351e-01
2.041524704618527530e-01
2.025032073651809039e-01
2.055938548004902777e-01
2.028397254779487346e-01
2.000466860340910091e-01
2.034961512456429922e-01
1.985034670842445725e-01
1.966923292630137210e-01
1.932932440871305280e-01
1.924879132794286851e-01
1.872096788475365037e-01
